plantID3	famID	emmean	SE	df	lower.CL	upper.CL
1	WGN07	7.50000000000094	0.407901228359459	1114	6.69965872600973	8.30034127399214
2	WGN07	7.00000000000031	0.407901228359451	1114	6.19965872600912	7.8003412739915
3	WGN07	7.50000000000006	0.407901228359462	1114	6.69965872600885	8.30034127399127
4	WGN07	5.50000000000048	0.407901228359458	1114	4.69965872600927	6.30034127399168
5	WGN07	8.00000000000002	0.407901228359456	1114	7.19965872600882	8.80034127399122
6	WGN07	5.00000000000002	0.407901228359472	1114	4.19965872600879	5.80034127399125
7	WGN07	7.50000000000012	0.407901228359458	1114	6.69965872600892	8.30034127399133
8	WGN07	8.00000000000013	0.40790122835946	1114	7.19965872600892	8.80034127399134
9	WGN07	8.00000000000013	0.407901228359454	1114	7.19965872600894	8.80034127399133
10	WGN07	6.00000000000018	0.407901228359454	1114	5.19965872600898	6.80034127399137
11	WGN07	7.5000000000001	0.407901228359467	1114	6.69965872600888	8.30034127399132
12	WGN07	7.00000000000007	0.407901228359465	1114	6.19965872600885	7.80034127399129
13	WGN07	7.50000000000009	0.407901228359466	1114	6.69965872600887	8.30034127399131
14	WGN07	8.00000000000008	0.40790122835946	1114	7.19965872600888	8.80034127399129
15	WGN07	7.50000000000011	0.407901228359462	1114	6.6996587260089	8.30034127399132
16	WGN07	7.50000000000003	0.407901228359444	1114	6.69965872600885	8.30034127399121
17	WGN07	8.50000000000011	0.407901228359453	1114	7.69965872600892	9.30034127399131
18	WGN07	8.00000000000011	0.407901228359463	1114	7.1996587260089	8.80034127399133
20	WGN07	5.50000000000018	0.407901228359457	1114	4.69965872600898	6.30034127399138
21	WGN07	9.00000000000017	0.407901228359466	1114	8.19965872600896	9.80034127399139
22	WGN07	7.50000000000012	0.407901228359465	1114	6.69965872600891	8.30034127399134
23	WGN07	8.00000000000008	0.407901228359454	1114	7.19965872600888	8.80034127399128
24	WGN07	7.00000000000018	0.407901228359448	1114	6.199658726009	7.80034127399136
25	WGN07	6.00000000000011	0.407901228359468	1114	5.19965872600889	6.80034127399134
26	WGN07	7.50000000000012	0.407901228359472	1114	6.69965872600889	8.30034127399135
27	WGN07	8.00000000000008	0.407901228359457	1114	7.19965872600888	8.80034127399128
28	WGN07	7.50000000000011	0.40790122835945	1114	6.69965872600893	8.3003412739913
29	WGN07	6.50000000000014	0.407901228359446	1114	5.69965872600896	7.30034127399132
30	WGN07	8.00000000000012	0.407901228359465	1114	7.1996587260089	8.80034127399133
31	WGN07	8.50000000000008	0.407901228359454	1114	7.69965872600889	9.30034127399128
32	WGN07	7.00000000000017	0.407901228359449	1114	6.19965872600899	7.80034127399136
33	WGN07	8.00000000000014	0.407901228359457	1114	7.19965872600894	8.80034127399134
34	WGN07	8.5000000000001	0.407901228359461	1114	7.6996587260089	9.30034127399131
35	WGN07	7.00000000000009	0.40790122835947	1114	6.19965872600886	7.80034127399132
36	WGN07	7.50000000000006	0.407901228359457	1114	6.69965872600886	8.30034127399126
37	WGN07	7.00000000000006	0.407901228359484	1114	6.19965872600881	7.80034127399132
38	WGN07	8.50000000000012	0.407901228359474	1114	7.69965872600888	9.30034127399135
39	WGN07	8.00000000000014	0.407901228359463	1114	7.19965872600892	8.80034127399135
40	WGN07	8.00000000000009	0.407901228359447	1114	7.19965872600891	8.80034127399128
41	WGN07	8.00000000000012	0.407901228359448	1114	7.19965872600894	8.80034127399131
42	WGN07	8.00000000000018	0.407901228359454	1114	7.19965872600898	8.80034127399137
44	WGN07	7.00000000000013	0.407901228359462	1114	6.19965872600891	7.80034127399134
46	WGN07	8.00000000000011	0.407901228359456	1114	7.19965872600891	8.80034127399131
47	WGN07	6.50000000000004	0.407901228359479	1114	5.69965872600879	7.30034127399128
48	WGN07	6.00000000000008	0.407901228359468	1114	5.19965872600886	6.80034127399131
49	WGN07	7.00000000000012	0.40790122835946	1114	6.19965872600891	7.80034127399132
50	WGN07	8.00000000000011	0.40790122835945	1114	7.19965872600892	8.8003412739913
51	WGN07	8.00000000000013	0.407901228359461	1114	7.19965872600892	8.80034127399134
52	WGN07	8.0000000000001	0.407901228359456	1114	7.1996587260089	8.8003412739913
53	WGN07	8.50000000000009	0.407901228359463	1114	7.69965872600887	9.3003412739913
54	WGN07	8.09058295964138	0.576988775441458	1114	6.9584757250721	9.22269019421067
55	WGN07	8.00000000000012	0.407901228359469	1114	7.1996587260089	8.80034127399135
56	WGN07	7.00000000000012	0.407901228359457	1114	6.19965872600892	7.80034127399132
57	WGN07	7.00000000000015	0.407901228359455	1114	6.19965872600895	7.80034127399135
58	WGN07	6.0000000000002	0.407901228359453	1114	5.199658726009	6.80034127399139
59	WGN07	8.50000000000012	0.407901228359467	1114	7.6996587260089	9.30034127399134
60	WGN07	7.50000000000012	0.407901228359456	1114	6.69965872600892	8.30034127399132
61	WGN07	8.00000000000011	0.407901228359461	1114	7.1996587260089	8.80034127399132
62	WGN07	5.09058295964144	0.576988775441433	1114	3.9584757250722	6.22269019421068
63	WGN07	6.50000000000009	0.407901228359459	1114	5.69965872600888	7.30034127399129
64	WGN07	7.0000000000001	0.407901228359462	1114	6.19965872600889	7.80034127399131
66	WGN07	8.00000000000013	0.407901228359464	1114	7.19965872600892	8.80034127399135
67	WGN07	6.50000000000014	0.407901228359462	1114	5.69965872600893	7.30034127399136
68	WGN07	9.00000000000015	0.407901228359467	1114	8.19965872600893	9.80034127399137
69	WGN07	8.5000000000001	0.40790122835945	1114	7.69965872600892	9.30034127399129
71	WGN07	5.5000000000001	0.407901228359456	1114	4.6996587260089	6.3003412739913
73	WGN07	6.00000000000009	0.40790122835946	1114	5.19965872600889	6.8003412739913
74	WGN07	8.00000000000011	0.407901228359465	1114	7.1996587260089	8.80034127399133
75	WGN07	6.00000000000012	0.407901228359456	1114	5.19965872600892	6.80034127399132
76	WGN07	7.00000000000006	0.407901228359463	1114	6.19965872600885	7.80034127399127
77	WGN07	8.00000000000011	0.407901228359457	1114	7.19965872600891	8.80034127399131
78	WGN07	7.00000000000011	0.407901228359457	1114	6.19965872600891	7.80034127399131
79	WGN07	8.50000000000015	0.407901228359476	1114	7.69965872600891	9.30034127399139
80	WGN07	6.50000000000011	0.407901228359462	1114	5.6996587260089	7.30034127399132
81	WGN07	7.0000000000001	0.407901228359461	1114	6.19965872600889	7.80034127399131
82	WGN07	6.5000000000001	0.40790122835946	1114	5.69965872600889	7.3003412739913
83	WGN07	6.0000000000001	0.407901228359458	1114	5.1996587260089	6.80034127399131
84	WGN07	6.50000000000013	0.407901228359455	1114	5.69965872600894	7.30034127399133
85	WGN07	7.50000000000013	0.407901228359455	1114	6.69965872600893	8.30034127399132
86	WGN07	7.00000000000009	0.407901228359463	1114	6.19965872600888	7.8003412739913
87	WGN07	7.50000000000012	0.407901228359461	1114	6.69965872600891	8.30034127399133
88	WGN07	7.0000000000001	0.407901228359465	1114	6.19965872600888	7.80034127399131
89	WGN07	7.50000000000015	0.407901228359467	1114	6.69965872600893	8.30034127399137
90	WGN07	7.00000000000014	0.407901228359457	1114	6.19965872600894	7.80034127399134
91	WGN07	8.00000000000012	0.407901228359464	1114	7.1996587260089	8.80034127399133
92	WGN07	5.50000000000007	0.407901228359461	1114	4.69965872600886	6.30034127399128
93	WGN07	8.00000000000005	0.407901228359456	1114	7.19965872600885	8.80034127399125
94	WGN07	8.00000000000015	0.407901228359459	1114	7.19965872600894	8.80034127399136
95	WGN07	8.00000000000013	0.407901228359455	1114	7.19965872600893	8.80034127399133
96	WGN07	6.00000000000012	0.407901228359454	1114	5.19965872600892	6.80034127399131
97	WGN07	8.50000000000012	0.407901228359455	1114	7.69965872600892	9.30034127399132
98	WGN07	6.00000000000004	0.407901228359465	1114	5.19965872600882	6.80034127399125
99	WGN07	7.5000000000001	0.407901228359456	1114	6.6996587260089	8.3003412739913
100	WGN07	6.5000000000001	0.407901228359466	1114	5.69965872600888	7.30034127399131
101	WGN07	6.00000000000008	0.407901228359459	1114	5.19965872600888	6.80034127399129
102	WGN07	7.50000000000012	0.407901228359453	1114	6.69965872600893	8.30034127399132
103	WGN07	8.00000000000022	0.407901228359462	1114	7.19965872600901	8.80034127399143
104	WGN07	7.00000000000009	0.40790122835946	1114	6.19965872600889	7.8003412739913
105	WGN07	8.50000000000009	0.407901228359456	1114	7.6996587260089	9.30034127399129
106	WGN07	7.5000000000001	0.40790122835946	1114	6.69965872600889	8.30034127399131
107	WGN07	8.00000000000013	0.407901228359458	1114	7.19965872600892	8.80034127399133
108	WGN07	7.0000000000001	0.407901228359461	1114	6.19965872600889	7.8003412739913
109	WGN07	6.5000000000001	0.407901228359463	1114	5.69965872600889	7.30034127399132
110	WGN07	7.50000000000011	0.407901228359466	1114	6.69965872600889	8.30034127399134
111	WGN07	7.50000000000013	0.407901228359465	1114	6.69965872600891	8.30034127399135
112	WGN07	7.00000000000012	0.407901228359449	1114	6.19965872600894	7.80034127399131
113	WGN07	7.50000000000019	0.407901228359455	1114	6.699658726009	8.30034127399139
114	WGN07	6.00000000000014	0.407901228359454	1114	5.19965872600895	6.80034127399134
115	WGN07	8.00000000000013	0.407901228359459	1114	7.19965872600893	8.80034127399134
116	WGN07	8.00000000000013	0.407901228359463	1114	7.19965872600892	8.80034127399135
117	WGN07	7.50000000000014	0.407901228359454	1114	6.69965872600895	8.30034127399134
118	WGN07	6.00000000000013	0.407901228359459	1114	5.19965872600892	6.80034127399133
119	WGN07	7.00000000000012	0.407901228359459	1114	6.19965872600892	7.80034127399133
120	WGN07	7.50000000000013	0.407901228359463	1114	6.69965872600892	8.30034127399135
121	WGN07	8.50000000000013	0.407901228359466	1114	7.69965872600891	9.30034127399135
122	WGN07	6.90941704035879	0.576988775441477	1114	5.77730980578947	8.04152427492812
123	WGN07	7.50000000000013	0.407901228359467	1114	6.69965872600891	8.30034127399135
124	WGN07	8.00000000000012	0.407901228359455	1114	7.19965872600892	8.80034127399131
125	WGN07	7.00000000000012	0.407901228359463	1114	6.19965872600891	7.80034127399134
126	WGN07	6.00000000000008	0.407901228359464	1114	5.19965872600886	6.8003412739913
127	WGN07	6.50000000000011	0.407901228359454	1114	5.69965872600891	7.30034127399131
128	WGN07	7.50000000000012	0.407901228359456	1114	6.69965872600892	8.30034127399132
129	WGN07	8.00000000000013	0.407901228359462	1114	7.19965872600892	8.80034127399134
130	WGN07	6.50000000000011	0.407901228359462	1114	5.6996587260089	7.30034127399132
1	WGN15	8.00000000000038	0.407901228359475	1114	7.19965872600914	8.80034127399162
2	WGN15	6.00000000000016	0.407901228359458	1114	5.19965872600896	6.80034127399136
3	WGN15	6.00000000000017	0.407901228359455	1114	5.19965872600898	6.80034127399137
4	WGN15	6.00000000000009	0.407901228359462	1114	5.19965872600888	6.8003412739913
5	WGN15	7.50000000000015	0.40790122835946	1114	6.69965872600894	8.30034127399136
7	WGN15	6.50000000000013	0.407901228359458	1114	5.69965872600892	7.30034127399133
8	WGN15	7.5000000000001	0.407901228359465	1114	6.69965872600888	8.30034127399132
9	WGN15	7.00000000000013	0.407901228359464	1114	6.19965872600891	7.80034127399134
10	WGN15	6.50000000000022	0.407901228359447	1114	5.69965872600904	7.30034127399141
11	WGN15	7.50000000000012	0.40790122835946	1114	6.69965872600891	8.30034127399133
12	WGN15	6.5000000000001	0.407901228359467	1114	5.69965872600888	7.30034127399132
13	WGN15	8.00000000000015	0.407901228359458	1114	7.19965872600895	8.80034127399136
14	WGN15	7.00000000000008	0.407901228359464	1114	6.19965872600886	7.80034127399129
15	WGN15	8.00000000000013	0.407901228359452	1114	7.19965872600894	8.80034127399132
16	WGN15	7.0000000000001	0.407901228359461	1114	6.19965872600889	7.80034127399131
17	WGN15	8.90941704035889	0.576988775441449	1114	7.77730980578962	10.0415242749282
18	WGN15	7.00000000000018	0.407901228359452	1114	6.19965872600899	7.80034127399137
19	WGN15	6.00000000000022	0.407901228359454	1114	5.19965872600903	6.80034127399142
20	WGN15	8.00000000000018	0.407901228359463	1114	7.19965872600897	8.80034127399139
21	WGN15	7.00000000000012	0.40790122835946	1114	6.19965872600891	7.80034127399133
22	WGN15	7.50000000000012	0.407901228359454	1114	6.69965872600893	8.30034127399132
23	WGN15	9.00000000000014	0.407901228359461	1114	8.19965872600893	9.80034127399134
24	WGN15	5.90941704035894	0.576988775441448	1114	4.77730980578968	7.04152427492821
25	WGN15	8.0000000000001	0.407901228359461	1114	7.19965872600889	8.80034127399131
26	WGN15	6.00000000000015	0.407901228359456	1114	5.19965872600895	6.80034127399135
27	WGN15	8.00000000000013	0.407901228359462	1114	7.19965872600892	8.80034127399134
28	WGN15	7.00000000000013	0.40790122835946	1114	6.19965872600893	7.80034127399134
29	WGN15	7.50000000000014	0.407901228359462	1114	6.69965872600892	8.30034127399135
30	WGN15	7.50000000000012	0.40790122835946	1114	6.69965872600891	8.30034127399132
31	WGN15	6.90941704035884	0.576988775441466	1114	5.77730980578954	8.04152427492815
32	WGN15	7.50000000000015	0.40790122835946	1114	6.69965872600895	8.30034127399136
33	WGN15	7.00000000000017	0.407901228359453	1114	6.19965872600898	7.80034127399137
34	WGN15	8.00000000000017	0.407901228359459	1114	7.19965872600896	8.80034127399137
35	WGN15	8.00000000000014	0.40790122835946	1114	7.19965872600893	8.80034127399135
36	WGN15	6.50000000000004	0.407901228359467	1114	5.69965872600882	7.30034127399126
37	WGN15	6.00000000000008	0.407901228359461	1114	5.19965872600887	6.80034127399129
38	WGN15	6.50000000000012	0.407901228359458	1114	5.69965872600892	7.30034127399132
39	WGN15	7.50000000000012	0.407901228359459	1114	6.69965872600891	8.30034127399132
40	WGN15	8.50000000000013	0.407901228359464	1114	7.69965872600891	9.30034127399134
41	WGN15	7.00000000000014	0.407901228359456	1114	6.19965872600894	7.80034127399134
43	WGN15	8.50000000000014	0.40790122835946	1114	7.69965872600893	9.30034127399135
44	WGN15	6.50000000000009	0.407901228359463	1114	5.69965872600887	7.3003412739913
45	WGN15	6.50000000000011	0.407901228359466	1114	5.69965872600889	7.30034127399133
46	WGN15	6.50000000000012	0.407901228359458	1114	5.69965872600892	7.30034127399133
47	WGN15	6.50000000000016	0.407901228359462	1114	5.69965872600894	7.30034127399137
48	WGN15	7.00000000000012	0.407901228359461	1114	6.19965872600891	7.80034127399133
50	WGN15	7.50000000000012	0.407901228359462	1114	6.69965872600891	8.30034127399133
51	WGN15	7.50000000000012	0.407901228359459	1114	6.69965872600891	8.30034127399132
52	WGN15	6.50000000000019	0.407901228359449	1114	5.699658726009	7.30034127399138
53	WGN15	6.0000000000001	0.407901228359464	1114	5.19965872600888	6.80034127399131
54	WGN15	6.50000000000014	0.407901228359456	1114	5.69965872600895	7.30034127399134
55	WGN15	8.00000000000012	0.407901228359456	1114	7.19965872600892	8.80034127399132
56	WGN15	8.00000000000012	0.407901228359461	1114	7.19965872600891	8.80034127399133
57	WGN15	6.50000000000005	0.407901228359468	1114	5.69965872600882	7.30034127399127
58	WGN15	6.50000000000015	0.407901228359453	1114	5.69965872600896	7.30034127399134
59	WGN15	6.50000000000008	0.407901228359466	1114	5.69965872600886	7.3003412739913
60	WGN15	7.00000000000013	0.40790122835946	1114	6.19965872600892	7.80034127399134
61	WGN15	8.50000000000011	0.407901228359457	1114	7.69965872600891	9.30034127399132
62	WGN15	8.0000000000001	0.407901228359458	1114	7.1996587260089	8.80034127399131
63	WGN15	8.00000000000012	0.40790122835946	1114	7.19965872600891	8.80034127399133
64	WGN15	7.50000000000012	0.407901228359456	1114	6.69965872600891	8.30034127399132
65	WGN15	7.00000000000014	0.407901228359458	1114	6.19965872600894	7.80034127399135
66	WGN15	6.50000000000015	0.407901228359456	1114	5.69965872600895	7.30034127399135
67	WGN15	8.00000000000014	0.407901228359454	1114	7.19965872600894	8.80034127399134
69	WGN15	7.50000000000014	0.40790122835946	1114	6.69965872600894	8.30034127399135
70	WGN15	7.50000000000012	0.407901228359458	1114	6.69965872600891	8.30034127399132
71	WGN15	8.0000000000001	0.407901228359453	1114	7.1996587260089	8.80034127399129
72	WGN15	5.90941704035885	0.576988775441457	1114	4.77730980578957	7.04152427492814
73	WGN15	7.00000000000014	0.407901228359458	1114	6.19965872600894	7.80034127399135
74	WGN15	7.00000000000014	0.40790122835946	1114	6.19965872600893	7.80034127399135
75	WGN15	7.90941704035886	0.576988775441459	1114	6.77730980578957	9.04152427492815
77	WGN15	7.00000000000012	0.407901228359463	1114	6.1996587260089	7.80034127399133
78	WGN15	6.50000000000014	0.407901228359459	1114	5.69965872600893	7.30034127399134
79	WGN15	6.00000000000024	0.407901228359455	1114	5.19965872600904	6.80034127399144
80	WGN15	6.0000000000001	0.407901228359466	1114	5.19965872600888	6.80034127399132
81	WGN15	8.50000000000011	0.407901228359452	1114	7.69965872600892	9.30034127399131
82	WGN15	6.00000000000009	0.407901228359463	1114	5.19965872600888	6.80034127399131
83	WGN15	8.50000000000012	0.407901228359458	1114	7.69965872600892	9.30034127399133
84	WGN15	7.50000000000015	0.407901228359458	1114	6.69965872600894	8.30034127399135
85	WGN15	8.00000000000009	0.407901228359459	1114	7.19965872600888	8.80034127399129
86	WGN15	6.00000000000014	0.407901228359459	1114	5.19965872600893	6.80034127399134
87	WGN15	7.50000000000016	0.407901228359451	1114	6.69965872600897	8.30034127399135
88	WGN15	7.00000000000013	0.407901228359462	1114	6.19965872600892	7.80034127399134
89	WGN15	7.50000000000012	0.407901228359457	1114	6.69965872600891	8.30034127399132
90	WGN15	7.00000000000014	0.407901228359462	1114	6.19965872600892	7.80034127399135
91	WGN15	6.00000000000014	0.407901228359459	1114	5.19965872600894	6.80034127399135
92	WGN15	6.0000000000001	0.407901228359459	1114	5.1996587260089	6.80034127399131
93	WGN15	7.00000000000013	0.407901228359463	1114	6.19965872600892	7.80034127399135
94	WGN15	6.50000000000013	0.40790122835946	1114	5.69965872600892	7.30034127399133
95	WGN15	7.00000000000012	0.407901228359459	1114	6.19965872600892	7.80034127399133
96	WGN15	6.5000000000001	0.407901228359464	1114	5.69965872600889	7.30034127399132
97	WGN15	7.00000000000017	0.407901228359464	1114	6.19965872600895	7.80034127399138
98	WGN15	6.5000000000001	0.407901228359465	1114	5.69965872600888	7.30034127399132
99	WGN15	8.00000000000013	0.407901228359461	1114	7.19965872600892	8.80034127399134
100	WGN15	6.50000000000014	0.407901228359459	1114	5.69965872600894	7.30034127399135
101	WGN15	8.00000000000014	0.407901228359458	1114	7.19965872600894	8.80034127399134
102	WGN15	6.5000000000001	0.407901228359462	1114	5.69965872600889	7.30034127399131
103	WGN15	7.00000000000015	0.407901228359455	1114	6.19965872600895	7.80034127399134
104	WGN15	6.0905829596414	0.576988775441453	1114	4.95847572507212	7.22269019421067
106	WGN15	6.00000000000012	0.407901228359458	1114	5.19965872600892	6.80034127399133
107	WGN15	8.50000000000015	0.407901228359456	1114	7.69965872600895	9.30034127399136
108	WGN15	8.50000000000016	0.407901228359461	1114	7.69965872600895	9.30034127399137
109	WGN15	7.50000000000014	0.407901228359456	1114	6.69965872600894	8.30034127399134
110	WGN15	7.50000000000012	0.407901228359461	1114	6.69965872600891	8.30034127399133
111	WGN15	6.50000000000015	0.407901228359455	1114	5.69965872600895	7.30034127399135
112	WGN15	8.00000000000013	0.407901228359459	1114	7.19965872600893	8.80034127399134
113	WGN15	6.50000000000011	0.407901228359459	1114	5.6996587260089	7.30034127399131
114	WGN15	7.00000000000013	0.407901228359455	1114	6.19965872600894	7.80034127399133
115	WGN15	6.00000000000013	0.407901228359459	1114	5.19965872600892	6.80034127399133
116	WGN15	7.00000000000012	0.407901228359461	1114	6.19965872600892	7.80034127399133
117	WGN15	7.00000000000011	0.407901228359465	1114	6.19965872600889	7.80034127399133
118	WGN15	8.00000000000009	0.407901228359467	1114	7.19965872600887	8.80034127399131
119	WGN15	7.50000000000013	0.407901228359457	1114	6.69965872600893	8.30034127399133
120	WGN15	8.00000000000014	0.407901228359458	1114	7.19965872600894	8.80034127399134
121	WGN15	6.50000000000014	0.40790122835946	1114	5.69965872600893	7.30034127399135
122	WGN15	6.00000000000013	0.407901228359459	1114	5.19965872600892	6.80034127399133
123	WGN15	8.50000000000014	0.407901228359462	1114	7.69965872600893	9.30034127399135
124	WGN15	7.5000000000001	0.407901228359462	1114	6.69965872600889	8.30034127399131
125	WGN15	7.00000000000012	0.407901228359458	1114	6.19965872600891	7.80034127399132
126	WGN15	7.00000000000015	0.407901228359457	1114	6.19965872600895	7.80034127399135
127	WGN15	7.00000000000012	0.407901228359458	1114	6.19965872600891	7.80034127399132
128	WGN15	8.00000000000015	0.407901228359456	1114	7.19965872600895	8.80034127399135
129	WGN15	6.00000000000018	0.407901228359456	1114	5.19965872600898	6.80034127399138
130	WGN15	7.50000000000013	0.407901228359461	1114	6.69965872600892	8.30034127399134
3	WGN26	6.00000000000002	0.40790122835946	1114	5.19965872600881	6.80034127399123
4	WGN26	7.00000000000008	0.407901228359464	1114	6.19965872600886	7.80034127399129
5	WGN26	6.50000000000007	0.40790122835946	1114	5.69965872600886	7.30034127399127
6	WGN26	8.00000000000009	0.407901228359463	1114	7.19965872600888	8.80034127399131
7	WGN26	7.00000000000008	0.407901228359462	1114	6.19965872600887	7.80034127399129
8	WGN26	5.90941704035877	0.576988775441457	1114	4.77730980578948	7.04152427492805
9	WGN26	6.00000000000005	0.407901228359465	1114	5.19965872600884	6.80034127399127
10	WGN26	6.00000000000007	0.407901228359458	1114	5.19965872600887	6.80034127399128
11	WGN26	5.90941704035878	0.576988775441459	1114	4.7773098057895	7.04152427492807
12	WGN26	6.00000000000004	0.407901228359465	1114	5.19965872600882	6.80034127399126
13	WGN26	8.00000000000002	0.407901228359459	1114	7.19965872600882	8.80034127399123
14	WGN26	6.00000000000004	0.407901228359462	1114	5.19965872600883	6.80034127399125
15	WGN26	8.00000000000001	0.407901228359453	1114	7.19965872600882	8.8003412739912
17	WGN26	8.00000000000003	0.407901228359458	1114	7.19965872600883	8.80034127399124
18	WGN26	6.90941704035877	0.576988775441449	1114	5.7773098057895	8.04152427492804
19	WGN26	7.09058295964135	0.576988775441458	1114	5.95847572507206	8.22269019421064
20	WGN26	7.90941704035881	0.576988775441458	1114	6.77730980578952	9.04152427492809
21	WGN26	6.50000000000009	0.407901228359467	1114	5.69965872600887	7.30034127399131
22	WGN26	8.00000000000012	0.407901228359465	1114	7.1996587260089	8.80034127399134
23	WGN26	8.00000000000014	0.407901228359471	1114	7.19965872600891	8.80034127399137
25	WGN26	7.49999999999999	0.40790122835945	1114	6.6996587260088	8.30034127399118
26	WGN26	7.50000000000006	0.407901228359462	1114	6.69965872600884	8.30034127399127
27	WGN26	6.00000000000005	0.407901228359461	1114	5.19965872600884	6.80034127399126
28	WGN26	6.50000000000004	0.407901228359458	1114	5.69965872600884	7.30034127399125
29	WGN26	6.00000000000005	0.407901228359456	1114	5.19965872600885	6.80034127399125
30	WGN26	6.50000000000001	0.407901228359451	1114	5.69965872600882	7.3003412739912
31	WGN26	7.50000000000012	0.407901228359464	1114	6.69965872600891	8.30034127399134
32	WGN26	6.00000000000007	0.407901228359464	1114	5.19965872600886	6.80034127399129
33	WGN26	6.90941704035883	0.576988775441464	1114	5.77730980578953	8.04152427492812
34	WGN26	7	0.40790122835945	1114	6.19965872600882	7.80034127399119
35	WGN26	6.50000000000009	0.407901228359468	1114	5.69965872600887	7.30034127399132
36	WGN26	7.00000000000004	0.407901228359457	1114	6.19965872600884	7.80034127399125
38	WGN26	6.00000000000006	0.40790122835946	1114	5.19965872600885	6.80034127399126
39	WGN26	6.00000000000008	0.407901228359449	1114	5.1996587260089	6.80034127399127
40	WGN26	6.50000000000009	0.407901228359466	1114	5.69965872600887	7.30034127399131
41	WGN26	6.09058295964132	0.576988775441457	1114	4.95847572507204	7.22269019421061
42	WGN26	7.99999999999995	0.407901228359452	1114	7.19965872600876	8.80034127399114
43	WGN26	7.00000000000007	0.407901228359461	1114	6.19965872600886	7.80034127399128
44	WGN26	8.00000000000006	0.407901228359458	1114	7.19965872600886	8.80034127399126
45	WGN26	7.5000000000001	0.407901228359462	1114	6.69965872600889	8.30034127399131
46	WGN26	8	0.407901228359453	1114	7.1996587260088	8.80034127399119
47	WGN26	7.00000000000006	0.407901228359457	1114	6.19965872600886	7.80034127399126
48	WGN26	8.00000000000001	0.407901228359455	1114	7.19965872600881	8.8003412739912
49	WGN26	6.00000000000007	0.40790122835946	1114	5.19965872600887	6.80034127399128
50	WGN26	7.50000000000005	0.407901228359459	1114	6.69965872600885	8.30034127399126
51	WGN26	7.9094170403588	0.576988775441455	1114	6.77730980578952	9.04152427492808
52	WGN26	6.50000000000007	0.407901228359461	1114	5.69965872600886	7.30034127399128
53	WGN26	6.50000000000005	0.407901228359459	1114	5.69965872600884	7.30034127399125
54	WGN26	6.50000000000006	0.407901228359456	1114	5.69965872600886	7.30034127399126
55	WGN26	8.5	0.407901228359456	1114	7.6996587260088	9.3003412739912
56	WGN26	7.0000000000001	0.407901228359464	1114	6.19965872600888	7.80034127399131
57	WGN26	6.50000000000009	0.407901228359464	1114	5.69965872600887	7.3003412739913
58	WGN26	7.50000000000015	0.407901228359468	1114	6.69965872600893	8.30034127399138
59	WGN26	8.09058295964132	0.576988775441455	1114	6.95847572507204	9.2226901942106
60	WGN26	7.50000000000012	0.407901228359466	1114	6.6996587260089	8.30034127399134
61	WGN26	6.00000000000007	0.407901228359462	1114	5.19965872600886	6.80034127399128
62	WGN26	6.50000000000006	0.407901228359458	1114	5.69965872600886	7.30034127399126
64	WGN26	6.00000000000005	0.407901228359459	1114	5.19965872600884	6.80034127399125
65	WGN26	8.00000000000005	0.407901228359458	1114	7.19965872600884	8.80034127399125
66	WGN26	8.00000000000006	0.407901228359461	1114	7.19965872600885	8.80034127399127
67	WGN26	6.00000000000008	0.407901228359456	1114	5.19965872600888	6.80034127399128
68	WGN26	8.00000000000003	0.407901228359458	1114	7.19965872600882	8.80034127399123
69	WGN26	8.00000000000007	0.407901228359459	1114	7.19965872600886	8.80034127399127
70	WGN26	6.50000000000008	0.407901228359458	1114	5.69965872600887	7.30034127399128
71	WGN26	7.00000000000006	0.407901228359464	1114	6.19965872600885	7.80034127399128
72	WGN26	5.09058295964132	0.57698877544146	1114	3.95847572507203	6.22269019421061
73	WGN26	6.00000000000007	0.407901228359457	1114	5.19965872600887	6.80034127399127
74	WGN26	6.00000000000006	0.407901228359459	1114	5.19965872600886	6.80034127399127
75	WGN26	7.00000000000007	0.407901228359464	1114	6.19965872600886	7.80034127399129
76	WGN26	7.00000000000005	0.407901228359462	1114	6.19965872600884	7.80034127399126
77	WGN26	7.00000000000006	0.407901228359459	1114	6.19965872600886	7.80034127399127
78	WGN26	7.00000000000007	0.407901228359463	1114	6.19965872600886	7.80034127399129
79	WGN26	6.90941704035881	0.576988775441453	1114	5.77730980578953	8.04152427492809
80	WGN26	6.00000000000007	0.407901228359461	1114	5.19965872600886	6.80034127399128
81	WGN26	7.50000000000007	0.407901228359458	1114	6.69965872600886	8.30034127399127
82	WGN26	7.00000000000005	0.407901228359457	1114	6.19965872600884	7.80034127399125
83	WGN26	6.00000000000005	0.407901228359457	1114	5.19965872600885	6.80034127399125
85	WGN26	6.09058295964132	0.576988775441457	1114	4.95847572507204	7.22269019421061
86	WGN26	6.09058295964132	0.576988775441461	1114	4.95847572507203	7.22269019421062
87	WGN26	8.50000000000009	0.407901228359463	1114	7.69965872600888	9.30034127399131
88	WGN26	6.50000000000006	0.407901228359459	1114	5.69965872600885	7.30034127399126
89	WGN26	6.50000000000007	0.407901228359459	1114	5.69965872600886	7.30034127399128
90	WGN26	6.00000000000006	0.40790122835946	1114	5.19965872600885	6.80034127399126
91	WGN26	6.50000000000006	0.40790122835946	1114	5.69965872600885	7.30034127399127
92	WGN26	6.00000000000006	0.407901228359462	1114	5.19965872600885	6.80034127399127
93	WGN26	7.50000000000005	0.407901228359458	1114	6.69965872600884	8.30034127399125
94	WGN26	6.00000000000006	0.407901228359456	1114	5.19965872600886	6.80034127399126
95	WGN26	8.00000000000006	0.407901228359462	1114	7.19965872600885	8.80034127399128
96	WGN26	6.50000000000007	0.407901228359458	1114	5.69965872600886	7.30034127399127
97	WGN26	7.00000000000006	0.407901228359459	1114	6.19965872600886	7.80034127399127
98	WGN26	6.00000000000006	0.407901228359461	1114	5.19965872600885	6.80034127399127
99	WGN26	8.00000000000007	0.407901228359461	1114	7.19965872600886	8.80034127399128
100	WGN26	5.50000000000006	0.407901228359461	1114	4.69965872600885	6.30034127399127
101	WGN26	6.00000000000007	0.407901228359459	1114	5.19965872600886	6.80034127399127
102	WGN26	6.00000000000004	0.407901228359461	1114	5.19965872600884	6.80034127399125
103	WGN26	6.00000000000007	0.407901228359457	1114	5.19965872600886	6.80034127399127
104	WGN26	6.00000000000006	0.407901228359465	1114	5.19965872600884	6.80034127399127
105	WGN26	7.50000000000006	0.407901228359459	1114	6.69965872600886	8.30034127399127
106	WGN26	6.00000000000006	0.407901228359462	1114	5.19965872600884	6.80034127399127
108	WGN26	8.00000000000005	0.407901228359461	1114	7.19965872600884	8.80034127399126
109	WGN26	7.50000000000004	0.407901228359459	1114	6.69965872600884	8.30034127399125
111	WGN26	6.50000000000005	0.407901228359459	1114	5.69965872600884	7.30034127399126
112	WGN26	6.00000000000007	0.407901228359459	1114	5.19965872600886	6.80034127399128
113	WGN26	6.09058295964133	0.576988775441456	1114	4.95847572507205	7.22269019421062
115	WGN26	8.00000000000007	0.407901228359462	1114	7.19965872600886	8.80034127399128
116	WGN26	7.00000000000004	0.40790122835946	1114	6.19965872600884	7.80034127399125
117	WGN26	8.09058295964136	0.576988775441457	1114	6.95847572507208	9.22269019421064
118	WGN26	8.00000000000007	0.40790122835946	1114	7.19965872600886	8.80034127399127
119	WGN26	6.50000000000005	0.407901228359458	1114	5.69965872600885	7.30034127399125
121	WGN26	8.00000000000007	0.407901228359464	1114	7.19965872600885	8.80034127399128
122	WGN26	7.00000000000008	0.407901228359457	1114	6.19965872600887	7.80034127399128
123	WGN26	6.50000000000007	0.407901228359463	1114	5.69965872600886	7.30034127399128
124	WGN26	7.90941704035878	0.576988775441452	1114	6.77730980578951	9.04152427492806
125	WGN26	8.00000000000007	0.407901228359462	1114	7.19965872600886	8.80034127399128
126	WGN26	5.00000000000007	0.40790122835946	1114	4.19965872600886	5.80034127399128
127	WGN26	8.00000000000004	0.407901228359456	1114	7.19965872600885	8.80034127399124
128	WGN26	6.00000000000007	0.407901228359459	1114	5.19965872600886	6.80034127399127
129	WGN26	6.90941704035881	0.57698877544146	1114	5.77730980578952	8.0415242749281
130	WGN26	6.00000000000009	0.407901228359461	1114	5.19965872600888	6.8003412739913
1	WGN36	7.49999999999969	0.407901228359485	1114	6.69965872600843	8.30034127399094
2	WGN36	6.00000000000014	0.407901228359459	1114	5.19965872600893	6.80034127399134
4	WGN36	8.00000000000011	0.407901228359465	1114	7.19965872600889	8.80034127399133
5	WGN36	6.00000000000012	0.40790122835946	1114	5.19965872600891	6.80034127399133
6	WGN36	6.00000000000008	0.407901228359465	1114	5.19965872600886	6.8003412739913
7	WGN36	6.50000000000012	0.407901228359466	1114	5.6996587260089	7.30034127399134
8	WGN36	6.00000000000013	0.407901228359457	1114	5.19965872600893	6.80034127399133
9	WGN36	5.90941704035878	0.576988775441468	1114	4.77730980578947	7.04152427492808
10	WGN36	6.50000000000013	0.407901228359467	1114	5.69965872600891	7.30034127399135
11	WGN36	6.0000000000001	0.407901228359462	1114	5.19965872600889	6.80034127399131
12	WGN36	6.90941704035895	0.576988775441457	1114	5.77730980578967	8.04152427492824
13	WGN36	6.5000000000001	0.407901228359462	1114	5.69965872600889	7.30034127399131
14	WGN36	7.00000000000012	0.407901228359464	1114	6.1996587260089	7.80034127399133
15	WGN36	7.50000000000013	0.40790122835946	1114	6.69965872600892	8.30034127399134
16	WGN36	6.00000000000014	0.40790122835946	1114	5.19965872600893	6.80034127399135
17	WGN36	6.5000000000001	0.407901228359463	1114	5.69965872600888	7.30034127399131
18	WGN36	7.00000000000014	0.407901228359459	1114	6.19965872600894	7.80034127399135
19	WGN36	6.5000000000001	0.40790122835946	1114	5.69965872600889	7.30034127399131
20	WGN36	6.0000000000001	0.407901228359462	1114	5.19965872600889	6.80034127399131
21	WGN36	6.00000000000012	0.407901228359462	1114	5.19965872600891	6.80034127399133
22	WGN36	8.00000000000011	0.407901228359461	1114	7.1996587260089	8.80034127399132
23	WGN36	7.00000000000014	0.407901228359465	1114	6.19965872600893	7.80034127399136
24	WGN36	7.50000000000013	0.407901228359463	1114	6.69965872600892	8.30034127399134
26	WGN36	6.50000000000011	0.407901228359466	1114	5.6996587260089	7.30034127399133
27	WGN36	6.00000000000014	0.40790122835946	1114	5.19965872600893	6.80034127399134
28	WGN36	6.50000000000014	0.407901228359457	1114	5.69965872600894	7.30034127399135
30	WGN36	7.90941704035889	0.57698877544146	1114	6.7773098057896	9.04152427492818
31	WGN36	7.00000000000017	0.407901228359455	1114	6.19965872600897	7.80034127399137
32	WGN36	6.00000000000016	0.407901228359452	1114	5.19965872600897	6.80034127399135
33	WGN36	7.50000000000013	0.407901228359458	1114	6.69965872600893	8.30034127399133
34	WGN36	7.0000000000001	0.407901228359462	1114	6.19965872600889	7.80034127399131
35	WGN36	6.50000000000013	0.407901228359458	1114	5.69965872600892	7.30034127399133
36	WGN36	7.5000000000001	0.407901228359458	1114	6.6996587260089	8.3003412739913
37	WGN36	6.0000000000001	0.40790122835946	1114	5.19965872600889	6.8003412739913
38	WGN36	5.90941704035884	0.576988775441457	1114	4.77730980578956	7.04152427492813
39	WGN36	7.00000000000013	0.407901228359459	1114	6.19965872600892	7.80034127399133
40	WGN36	6.00000000000011	0.407901228359462	1114	5.1996587260089	6.80034127399132
41	WGN36	7.00000000000012	0.407901228359461	1114	6.19965872600891	7.80034127399133
42	WGN36	6.00000000000015	0.407901228359457	1114	5.19965872600895	6.80034127399135
43	WGN36	8.00000000000013	0.40790122835946	1114	7.19965872600893	8.80034127399134
44	WGN36	6.0000000000001	0.407901228359462	1114	5.19965872600889	6.80034127399132
45	WGN36	6.50000000000011	0.407901228359462	1114	5.6996587260089	7.30034127399132
46	WGN36	8.00000000000014	0.407901228359462	1114	7.19965872600893	8.80034127399135
47	WGN36	6.50000000000014	0.407901228359458	1114	5.69965872600893	7.30034127399134
48	WGN36	6.00000000000013	0.407901228359458	1114	5.19965872600893	6.80034127399134
49	WGN36	7.50000000000013	0.40790122835946	1114	6.69965872600892	8.30034127399133
51	WGN36	8.00000000000012	0.407901228359459	1114	7.19965872600892	8.80034127399133
52	WGN36	6.50000000000014	0.407901228359457	1114	5.69965872600893	7.30034127399134
53	WGN36	6.00000000000012	0.407901228359461	1114	5.19965872600891	6.80034127399133
54	WGN36	7.00000000000013	0.407901228359458	1114	6.19965872600893	7.80034127399133
55	WGN36	6.50000000000013	0.407901228359462	1114	5.69965872600891	7.30034127399134
56	WGN36	6.50000000000013	0.40790122835946	1114	5.69965872600892	7.30034127399133
57	WGN36	7.00000000000012	0.40790122835946	1114	6.19965872600891	7.80034127399133
58	WGN36	8.00000000000013	0.40790122835946	1114	7.19965872600892	8.80034127399134
59	WGN36	6.00000000000014	0.407901228359458	1114	5.19965872600893	6.80034127399134
60	WGN36	6.50000000000014	0.407901228359458	1114	5.69965872600893	7.30034127399134
62	WGN36	7.00000000000013	0.40790122835946	1114	6.19965872600892	7.80034127399133
64	WGN36	6.50000000000014	0.407901228359457	1114	5.69965872600894	7.30034127399134
65	WGN36	6.00000000000011	0.407901228359461	1114	5.1996587260089	6.80034127399132
66	WGN36	6.00000000000014	0.407901228359457	1114	5.19965872600894	6.80034127399134
68	WGN36	6.50000000000012	0.407901228359461	1114	5.69965872600891	7.30034127399133
69	WGN36	7.00000000000012	0.407901228359461	1114	6.19965872600891	7.80034127399133
70	WGN36	6.50000000000012	0.407901228359461	1114	5.69965872600891	7.30034127399133
71	WGN36	6.00000000000013	0.407901228359459	1114	5.19965872600893	6.80034127399134
72	WGN36	7.50000000000013	0.40790122835946	1114	6.69965872600892	8.30034127399134
74	WGN36	6.50000000000013	0.407901228359459	1114	5.69965872600893	7.30034127399134
75	WGN36	6.00000000000012	0.40790122835946	1114	5.19965872600891	6.80034127399133
76	WGN36	6.00000000000013	0.40790122835946	1114	5.19965872600892	6.80034127399134
77	WGN36	6.50000000000012	0.407901228359461	1114	5.69965872600891	7.30034127399133
78	WGN36	8.00000000000013	0.407901228359459	1114	7.19965872600892	8.80034127399133
79	WGN36	6.00000000000012	0.40790122835946	1114	5.19965872600891	6.80034127399133
80	WGN36	6.00000000000012	0.40790122835946	1114	5.19965872600891	6.80034127399133
81	WGN36	6.00000000000015	0.407901228359458	1114	5.19965872600895	6.80034127399135
82	WGN36	6.00000000000014	0.407901228359459	1114	5.19965872600893	6.80034127399134
83	WGN36	7.00000000000013	0.407901228359458	1114	6.19965872600892	7.80034127399133
84	WGN36	7.00000000000013	0.40790122835946	1114	6.19965872600893	7.80034127399134
85	WGN36	7.50000000000013	0.407901228359459	1114	6.69965872600892	8.30034127399133
86	WGN36	6.00000000000014	0.407901228359459	1114	5.19965872600894	6.80034127399135
87	WGN36	6.00000000000015	0.407901228359458	1114	5.19965872600894	6.80034127399135
88	WGN36	6.50000000000013	0.407901228359459	1114	5.69965872600892	7.30034127399134
89	WGN36	6.00000000000012	0.407901228359461	1114	5.19965872600891	6.80034127399133
90	WGN36	6.00000000000012	0.407901228359461	1114	5.19965872600891	6.80034127399133
92	WGN36	7.00000000000012	0.40790122835946	1114	6.19965872600892	7.80034127399133
93	WGN36	6.00000000000011	0.407901228359462	1114	5.1996587260089	6.80034127399133
94	WGN36	6.00000000000012	0.407901228359461	1114	5.19965872600891	6.80034127399133
95	WGN36	6.00000000000014	0.407901228359459	1114	5.19965872600893	6.80034127399135
96	WGN36	9.00000000000012	0.407901228359458	1114	8.19965872600891	9.80034127399132
97	WGN36	6.50000000000013	0.407901228359461	1114	5.69965872600892	7.30034127399134
98	WGN36	7.00000000000013	0.40790122835946	1114	6.19965872600892	7.80034127399134
99	WGN36	6.00000000000012	0.407901228359461	1114	5.19965872600891	6.80034127399132
100	WGN36	6.00000000000012	0.407901228359462	1114	5.19965872600891	6.80034127399133
102	WGN36	6.50000000000014	0.40790122835946	1114	5.69965872600893	7.30034127399135
104	WGN36	7.50000000000014	0.407901228359461	1114	6.69965872600893	8.30034127399135
105	WGN36	7.50000000000013	0.407901228359459	1114	6.69965872600892	8.30034127399133
106	WGN36	6.00000000000013	0.40790122835946	1114	5.19965872600892	6.80034127399133
107	WGN36	6.00000000000014	0.407901228359459	1114	5.19965872600893	6.80034127399134
108	WGN36	6.00000000000013	0.407901228359459	1114	5.19965872600893	6.80034127399134
109	WGN36	7.50000000000012	0.40790122835946	1114	6.69965872600892	8.30034127399133
110	WGN36	6.00000000000013	0.407901228359458	1114	5.19965872600892	6.80034127399133
112	WGN36	6.00000000000013	0.40790122835946	1114	5.19965872600892	6.80034127399134
114	WGN36	8.00000000000012	0.407901228359458	1114	7.19965872600892	8.80034127399133
116	WGN36	6.00000000000013	0.40790122835946	1114	5.19965872600892	6.80034127399134
117	WGN36	6.00000000000013	0.40790122835946	1114	5.19965872600893	6.80034127399134
118	WGN36	6.00000000000013	0.407901228359459	1114	5.19965872600892	6.80034127399133
119	WGN36	6.00000000000014	0.407901228359458	1114	5.19965872600893	6.80034127399134
120	WGN36	7.00000000000013	0.407901228359459	1114	6.19965872600892	7.80034127399133
121	WGN36	6.50000000000013	0.407901228359459	1114	5.69965872600893	7.30034127399134
122	WGN36	8.00000000000012	0.407901228359462	1114	7.19965872600891	8.80034127399133
123	WGN36	6.50000000000014	0.407901228359459	1114	5.69965872600893	7.30034127399134
124	WGN36	7.00000000000013	0.407901228359461	1114	6.19965872600892	7.80034127399134
125	WGN36	6.00000000000014	0.407901228359458	1114	5.19965872600894	6.80034127399134
126	WGN36	6.50000000000013	0.407901228359459	1114	5.69965872600892	7.30034127399133
127	WGN36	6.50000000000014	0.407901228359459	1114	5.69965872600893	7.30034127399134
128	WGN36	7.00000000000013	0.407901228359459	1114	6.19965872600892	7.80034127399133
129	WGN36	6.00000000000012	0.40790122835946	1114	5.19965872600891	6.80034127399132
130	WGN36	6.00000000000013	0.407901228359459	1114	5.19965872600892	6.80034127399133
1	WGN38	6.50000000000018	0.407901228359451	1114	5.69965872600899	7.30034127399137
2	WGN38	6.50000000000012	0.407901228359456	1114	5.69965872600892	7.30034127399132
3	WGN38	6.50000000000014	0.407901228359453	1114	5.69965872600894	7.30034127399133
4	WGN38	6.00000000000011	0.407901228359465	1114	5.19965872600889	6.80034127399133
5	WGN38	7.00000000000014	0.407901228359463	1114	6.19965872600892	7.80034127399135
6	WGN38	5.90941704035885	0.576988775441458	1114	4.77730980578957	7.04152427492814
7	WGN38	6.00000000000011	0.407901228359453	1114	5.19965872600892	6.80034127399131
8	WGN38	6.00000000000016	0.407901228359453	1114	5.19965872600896	6.80034127399135
10	WGN38	6.00000000000012	0.40790122835946	1114	5.19965872600891	6.80034127399133
11	WGN38	7.00000000000011	0.407901228359452	1114	6.19965872600891	7.8003412739913
12	WGN38	5.90941704035887	0.576988775441457	1114	4.77730980578959	7.04152427492816
13	WGN38	6.00000000000013	0.40790122835946	1114	5.19965872600892	6.80034127399133
14	WGN38	6.00000000000012	0.407901228359463	1114	5.1996587260089	6.80034127399133
16	WGN38	6.00000000000011	0.407901228359457	1114	5.19965872600891	6.80034127399132
18	WGN38	6.00000000000013	0.40790122835946	1114	5.19965872600892	6.80034127399133
19	WGN38	6.00000000000012	0.407901228359458	1114	5.19965872600892	6.80034127399133
20	WGN38	7.5000000000001	0.407901228359456	1114	6.6996587260089	8.3003412739913
21	WGN38	6.50000000000012	0.407901228359459	1114	5.69965872600891	7.30034127399133
22	WGN38	6.50000000000012	0.407901228359462	1114	5.69965872600891	7.30034127399133
23	WGN38	8.00000000000013	0.407901228359461	1114	7.19965872600892	8.80034127399134
24	WGN38	6.00000000000014	0.407901228359456	1114	5.19965872600894	6.80034127399134
26	WGN38	6.00000000000012	0.407901228359459	1114	5.19965872600892	6.80034127399133
27	WGN38	7.00000000000013	0.407901228359462	1114	6.19965872600892	7.80034127399134
28	WGN38	7.50000000000013	0.407901228359462	1114	6.69965872600891	8.30034127399134
29	WGN38	6.50000000000012	0.407901228359462	1114	5.69965872600891	7.30034127399133
30	WGN38	7.00000000000012	0.407901228359458	1114	6.19965872600892	7.80034127399133
32	WGN38	6.50000000000011	0.407901228359458	1114	5.69965872600891	7.30034127399132
33	WGN38	7.50000000000012	0.40790122835946	1114	6.69965872600891	8.30034127399133
34	WGN38	6.00000000000012	0.407901228359458	1114	5.19965872600892	6.80034127399133
35	WGN38	6.50000000000011	0.407901228359457	1114	5.69965872600891	7.30034127399131
36	WGN38	6.00000000000012	0.407901228359461	1114	5.19965872600891	6.80034127399132
37	WGN38	6.00000000000012	0.407901228359458	1114	5.19965872600891	6.80034127399132
38	WGN38	7.50000000000013	0.407901228359462	1114	6.69965872600892	8.30034127399134
39	WGN38	6.00000000000012	0.40790122835946	1114	5.19965872600891	6.80034127399133
40	WGN38	6.00000000000012	0.40790122835946	1114	5.19965872600892	6.80034127399133
41	WGN38	7.00000000000011	0.40790122835946	1114	6.19965872600891	7.80034127399132
42	WGN38	6.00000000000012	0.407901228359458	1114	5.19965872600892	6.80034127399133
45	WGN38	6.50000000000011	0.407901228359458	1114	5.69965872600891	7.30034127399131
46	WGN38	7.00000000000012	0.407901228359459	1114	6.19965872600892	7.80034127399133
47	WGN38	6.00000000000011	0.407901228359462	1114	5.1996587260089	6.80034127399132
48	WGN38	8.00000000000012	0.407901228359461	1114	7.19965872600891	8.80034127399133
49	WGN38	8.00000000000015	0.407901228359462	1114	7.19965872600894	8.80034127399136
50	WGN38	6.50000000000012	0.40790122835946	1114	5.69965872600891	7.30034127399133
51	WGN38	7.00000000000013	0.40790122835946	1114	6.19965872600892	7.80034127399134
52	WGN38	6.00000000000012	0.407901228359461	1114	5.19965872600891	6.80034127399133
53	WGN38	6.50000000000012	0.407901228359459	1114	5.69965872600892	7.30034127399133
54	WGN38	6.00000000000012	0.40790122835946	1114	5.19965872600891	6.80034127399132
55	WGN38	7.00000000000012	0.407901228359459	1114	6.19965872600892	7.80034127399133
56	WGN38	6.00000000000012	0.40790122835946	1114	5.19965872600891	6.80034127399133
59	WGN38	7.50000000000012	0.40790122835946	1114	6.69965872600892	8.30034127399133
61	WGN38	6.00000000000012	0.407901228359461	1114	5.19965872600892	6.80034127399133
63	WGN38	6.00000000000012	0.40790122835946	1114	5.19965872600892	6.80034127399133
64	WGN38	6.00000000000012	0.407901228359461	1114	5.19965872600891	6.80034127399133
65	WGN38	6.50000000000013	0.407901228359459	1114	5.69965872600892	7.30034127399133
66	WGN38	6.00000000000013	0.407901228359459	1114	5.19965872600892	6.80034127399133
67	WGN38	7.50000000000012	0.40790122835946	1114	6.69965872600891	8.30034127399133
68	WGN38	6.50000000000013	0.40790122835946	1114	5.69965872600892	7.30034127399133
69	WGN38	6.00000000000013	0.40790122835946	1114	5.19965872600892	6.80034127399133
70	WGN38	7.50000000000013	0.407901228359461	1114	6.69965872600892	8.30034127399133
72	WGN38	8.00000000000012	0.40790122835946	1114	7.19965872600892	8.80034127399133
73	WGN38	8.00000000000011	0.407901228359458	1114	7.19965872600891	8.80034127399132
74	WGN38	6.00000000000012	0.40790122835946	1114	5.19965872600892	6.80034127399133
76	WGN38	7.00000000000012	0.407901228359458	1114	6.19965872600892	7.80034127399133
77	WGN38	8.00000000000012	0.407901228359459	1114	7.19965872600891	8.80034127399133
78	WGN38	6.00000000000013	0.407901228359458	1114	5.19965872600893	6.80034127399133
80	WGN38	6.00000000000012	0.407901228359461	1114	5.19965872600891	6.80034127399133
81	WGN38	6.00000000000013	0.407901228359459	1114	5.19965872600892	6.80034127399134
82	WGN38	7.50000000000012	0.407901228359459	1114	6.69965872600891	8.30034127399132
83	WGN38	6.00000000000013	0.407901228359459	1114	5.19965872600893	6.80034127399134
84	WGN38	6.00000000000013	0.407901228359459	1114	5.19965872600892	6.80034127399134
85	WGN38	6.00000000000013	0.407901228359459	1114	5.19965872600892	6.80034127399133
86	WGN38	6.50000000000013	0.40790122835946	1114	5.69965872600892	7.30034127399133
87	WGN38	6.00000000000013	0.407901228359459	1114	5.19965872600892	6.80034127399133
88	WGN38	6.50000000000013	0.40790122835946	1114	5.69965872600892	7.30034127399133
89	WGN38	8.00000000000012	0.407901228359459	1114	7.19965872600892	8.80034127399133
90	WGN38	8.00000000000013	0.40790122835946	1114	7.19965872600892	8.80034127399134
91	WGN38	6.00000000000013	0.407901228359459	1114	5.19965872600892	6.80034127399133
92	WGN38	6.50000000000013	0.40790122835946	1114	5.69965872600892	7.30034127399133
93	WGN38	7.50000000000012	0.40790122835946	1114	6.69965872600892	8.30034127399133
94	WGN38	8.00000000000013	0.40790122835946	1114	7.19965872600892	8.80034127399133
95	WGN38	6.00000000000012	0.40790122835946	1114	5.19965872600891	6.80034127399133
96	WGN38	7.00000000000013	0.40790122835946	1114	6.19965872600892	7.80034127399133
97	WGN38	6.50000000000012	0.407901228359459	1114	5.69965872600892	7.30034127399133
98	WGN38	8.00000000000012	0.40790122835946	1114	7.19965872600892	8.80034127399133
99	WGN38	6.00000000000012	0.40790122835946	1114	5.19965872600892	6.80034127399133
100	WGN38	6.00000000000013	0.40790122835946	1114	5.19965872600892	6.80034127399134
101	WGN38	6.00000000000013	0.407901228359459	1114	5.19965872600892	6.80034127399133
102	WGN38	6.50000000000013	0.407901228359458	1114	5.69965872600892	7.30034127399133
103	WGN38	6.00000000000013	0.407901228359459	1114	5.19965872600893	6.80034127399134
104	WGN38	6.50000000000013	0.407901228359459	1114	5.69965872600892	7.30034127399133
106	WGN38	7.90941704035885	0.576988775441455	1114	6.77730980578957	9.04152427492814
107	WGN38	8.00000000000014	0.407901228359461	1114	7.19965872600893	8.80034127399134
108	WGN38	6.09058295964139	0.576988775441455	1114	4.9584757250721	7.22269019421067
109	WGN38	7.09058295964139	0.576988775441455	1114	5.95847572507211	8.22269019421067
110	WGN38	8.00000000000013	0.40790122835946	1114	7.19965872600892	8.80034127399134
111	WGN38	6.00000000000012	0.40790122835946	1114	5.19965872600891	6.80034127399133
112	WGN38	5.90941704035888	0.576988775441457	1114	4.7773098057896	7.04152427492817
113	WGN38	7.50000000000013	0.407901228359459	1114	6.69965872600892	8.30034127399133
114	WGN38	8.00000000000013	0.40790122835946	1114	7.19965872600892	8.80034127399134
115	WGN38	7.50000000000012	0.407901228359459	1114	6.69965872600892	8.30034127399133
1	WGN39	7.00000000000039	0.407901228359485	1114	6.19965872600913	7.80034127399165
2	WGN39	7.50000000000009	0.407901228359455	1114	6.69965872600889	8.30034127399129
3	WGN39	6.50000000000009	0.407901228359461	1114	5.69965872600888	7.3003412739913
4	WGN39	8.00000000000006	0.407901228359461	1114	7.19965872600885	8.80034127399127
5	WGN39	6.00000000000015	0.407901228359453	1114	5.19965872600895	6.80034127399134
6	WGN39	7.0000000000001	0.407901228359461	1114	6.19965872600889	7.80034127399131
7	WGN39	8.00000000000013	0.407901228359463	1114	7.19965872600891	8.80034127399134
8	WGN39	6.50000000000009	0.407901228359457	1114	5.69965872600889	7.30034127399129
9	WGN39	6.00000000000004	0.407901228359465	1114	5.19965872600882	6.80034127399126
10	WGN39	6.00000000000006	0.407901228359465	1114	5.19965872600884	6.80034127399128
11	WGN39	6.00000000000014	0.40790122835945	1114	5.19965872600895	6.80034127399133
12	WGN39	6.00000000000012	0.407901228359454	1114	5.19965872600892	6.80034127399132
13	WGN39	6.50000000000011	0.407901228359448	1114	5.69965872600893	7.30034127399129
14	WGN39	6.00000000000009	0.407901228359458	1114	5.19965872600888	6.80034127399129
15	WGN39	6.5000000000001	0.407901228359459	1114	5.6996587260089	7.30034127399131
16	WGN39	6.0000000000001	0.407901228359459	1114	5.19965872600889	6.8003412739913
17	WGN39	6.00000000000005	0.407901228359466	1114	5.19965872600883	6.80034127399127
18	WGN39	6.50000000000009	0.407901228359459	1114	5.69965872600889	7.3003412739913
19	WGN39	6.50000000000008	0.407901228359468	1114	5.69965872600885	7.3003412739913
20	WGN39	7.00000000000009	0.407901228359457	1114	6.19965872600889	7.80034127399129
21	WGN39	7.00000000000011	0.407901228359457	1114	6.1996587260089	7.80034127399131
22	WGN39	6.5000000000001	0.407901228359456	1114	5.6996587260089	7.3003412739913
24	WGN39	7.5000000000001	0.407901228359463	1114	6.69965872600889	8.30034127399132
25	WGN39	6.00000000000012	0.407901228359454	1114	5.19965872600893	6.80034127399132
26	WGN39	6.0000000000001	0.407901228359456	1114	5.1996587260089	6.8003412739913
27	WGN39	6.00000000000005	0.407901228359466	1114	5.19965872600883	6.80034127399127
28	WGN39	6.00000000000009	0.40790122835946	1114	5.19965872600888	6.8003412739913
29	WGN39	8.00000000000008	0.40790122835946	1114	7.19965872600887	8.80034127399128
30	WGN39	7.50000000000009	0.407901228359457	1114	6.69965872600889	8.30034127399129
31	WGN39	6.00000000000011	0.407901228359454	1114	5.19965872600892	6.80034127399131
32	WGN39	7.5000000000001	0.407901228359463	1114	6.69965872600888	8.30034127399131
34	WGN39	7.00000000000005	0.407901228359462	1114	6.19965872600884	7.80034127399126
35	WGN39	6.00000000000009	0.407901228359459	1114	5.19965872600888	6.8003412739913
36	WGN39	7.00000000000009	0.407901228359461	1114	6.19965872600888	7.8003412739913
37	WGN39	7.5000000000001	0.407901228359464	1114	6.69965872600888	8.30034127399131
38	WGN39	5.90941704035886	0.576988775441454	1114	4.77730980578959	7.04152427492814
39	WGN39	7.50000000000013	0.407901228359466	1114	6.69965872600891	8.30034127399135
40	WGN39	6.00000000000011	0.40790122835946	1114	5.1996587260089	6.80034127399132
41	WGN39	8.00000000000008	0.407901228359457	1114	7.19965872600888	8.80034127399128
42	WGN39	7.50000000000011	0.407901228359457	1114	6.6996587260089	8.30034127399131
43	WGN39	6.00000000000007	0.407901228359465	1114	5.19965872600885	6.80034127399128
44	WGN39	7.50000000000007	0.407901228359456	1114	6.69965872600886	8.30034127399127
45	WGN39	8.0000000000001	0.407901228359457	1114	7.19965872600889	8.8003412739913
46	WGN39	6.50000000000012	0.407901228359456	1114	5.69965872600892	7.30034127399132
47	WGN39	6.00000000000007	0.407901228359462	1114	5.19965872600886	6.80034127399129
48	WGN39	6.00000000000007	0.407901228359463	1114	5.19965872600885	6.80034127399128
49	WGN39	7.00000000000009	0.407901228359458	1114	6.19965872600889	7.8003412739913
50	WGN39	7.50000000000004	0.407901228359454	1114	6.69965872600885	8.30034127399124
51	WGN39	7.00000000000009	0.407901228359458	1114	6.19965872600889	7.80034127399129
52	WGN39	6.00000000000008	0.407901228359465	1114	5.19965872600886	6.80034127399129
53	WGN39	7.5000000000001	0.40790122835946	1114	6.6996587260089	8.30034127399131
54	WGN39	6.00000000000006	0.407901228359465	1114	5.19965872600885	6.80034127399128
55	WGN39	6.00000000000009	0.407901228359461	1114	5.19965872600888	6.8003412739913
56	WGN39	7.00000000000011	0.407901228359464	1114	6.19965872600889	7.80034127399132
57	WGN39	6.00000000000008	0.407901228359462	1114	5.19965872600887	6.80034127399129
58	WGN39	6.5000000000001	0.407901228359456	1114	5.6996587260089	7.3003412739913
59	WGN39	6.00000000000008	0.407901228359464	1114	5.19965872600886	6.80034127399129
60	WGN39	6.50000000000011	0.407901228359459	1114	5.6996587260089	7.30034127399131
61	WGN39	6.50000000000009	0.407901228359463	1114	5.69965872600887	7.3003412739913
62	WGN39	6.00000000000011	0.407901228359458	1114	5.19965872600891	6.80034127399131
63	WGN39	7.50000000000009	0.407901228359456	1114	6.69965872600889	8.30034127399129
64	WGN39	6.5000000000001	0.407901228359461	1114	5.69965872600889	7.30034127399131
65	WGN39	6.00000000000008	0.407901228359462	1114	5.19965872600887	6.8003412739913
66	WGN39	7.5000000000001	0.407901228359461	1114	6.69965872600889	8.30034127399131
67	WGN39	6.50000000000009	0.407901228359459	1114	5.69965872600888	7.3003412739913
68	WGN39	8.00000000000011	0.407901228359462	1114	7.1996587260089	8.80034127399132
69	WGN39	6.50000000000008	0.407901228359462	1114	5.69965872600887	7.3003412739913
70	WGN39	6.00000000000007	0.407901228359461	1114	5.19965872600886	6.80034127399128
71	WGN39	7.5000000000001	0.407901228359459	1114	6.6996587260089	8.30034127399131
72	WGN39	6.00000000000011	0.407901228359455	1114	5.19965872600891	6.80034127399131
73	WGN39	6.0000000000001	0.407901228359459	1114	5.19965872600889	6.8003412739913
74	WGN39	7.50000000000008	0.407901228359458	1114	6.69965872600888	8.30034127399129
75	WGN39	7.50000000000007	0.407901228359458	1114	6.69965872600887	8.30034127399128
76	WGN39	6.50000000000009	0.407901228359461	1114	5.69965872600888	7.3003412739913
77	WGN39	6.0000000000001	0.407901228359458	1114	5.1996587260089	6.8003412739913
78	WGN39	6.00000000000008	0.407901228359462	1114	5.19965872600887	6.80034127399129
79	WGN39	6.50000000000008	0.407901228359461	1114	5.69965872600888	7.30034127399129
80	WGN39	6.00000000000009	0.407901228359459	1114	5.19965872600889	6.8003412739913
81	WGN39	6.50000000000009	0.407901228359462	1114	5.69965872600888	7.3003412739913
82	WGN39	6.0000000000001	0.407901228359459	1114	5.19965872600889	6.8003412739913
83	WGN39	6.50000000000009	0.407901228359461	1114	5.69965872600888	7.3003412739913
84	WGN39	6.5000000000001	0.407901228359458	1114	5.69965872600889	7.3003412739913
85	WGN39	7.5000000000001	0.407901228359462	1114	6.69965872600889	8.30034127399131
86	WGN39	7.5000000000001	0.40790122835946	1114	6.69965872600889	8.30034127399131
87	WGN39	6.50000000000009	0.407901228359461	1114	5.69965872600888	7.3003412739913
88	WGN39	6.00000000000009	0.407901228359461	1114	5.19965872600888	6.8003412739913
89	WGN39	6.00000000000008	0.407901228359461	1114	5.19965872600888	6.80034127399129
90	WGN39	7.00000000000009	0.407901228359458	1114	6.19965872600889	7.8003412739913
91	WGN39	6.00000000000009	0.407901228359461	1114	5.19965872600888	6.8003412739913
92	WGN39	7.5000000000001	0.407901228359461	1114	6.69965872600889	8.30034127399131
93	WGN39	6.50000000000009	0.40790122835946	1114	5.69965872600888	7.3003412739913
94	WGN39	7.5000000000001	0.40790122835946	1114	6.69965872600889	8.3003412739913
95	WGN39	7.5000000000001	0.40790122835946	1114	6.6996587260089	8.30034127399131
96	WGN39	6.0000000000001	0.407901228359458	1114	5.1996587260089	6.8003412739913
97	WGN39	6.00000000000009	0.407901228359459	1114	5.19965872600889	6.8003412739913
98	WGN39	7.50000000000009	0.40790122835946	1114	6.69965872600888	8.30034127399129
99	WGN39	6.50000000000009	0.407901228359459	1114	5.69965872600888	7.30034127399129
100	WGN39	7.5000000000001	0.407901228359459	1114	6.69965872600889	8.3003412739913
101	WGN39	6.00000000000009	0.407901228359461	1114	5.19965872600888	6.8003412739913
102	WGN39	7.50000000000009	0.407901228359459	1114	6.69965872600889	8.3003412739913
104	WGN39	6.0000000000001	0.407901228359459	1114	5.19965872600889	6.8003412739913
105	WGN39	6.0000000000001	0.407901228359459	1114	5.19965872600889	6.8003412739913
106	WGN39	6.00000000000009	0.40790122835946	1114	5.19965872600889	6.8003412739913
107	WGN39	8.00000000000009	0.407901228359459	1114	7.19965872600889	8.8003412739913
108	WGN39	6.90941704035884	0.576988775441454	1114	5.77730980578956	8.04152427492812
109	WGN39	6.00000000000009	0.40790122835946	1114	5.19965872600888	6.8003412739913
110	WGN39	6.0000000000001	0.407901228359459	1114	5.19965872600889	6.8003412739913
111	WGN39	6.5000000000001	0.407901228359459	1114	5.69965872600889	7.3003412739913
112	WGN39	8.0000000000001	0.407901228359459	1114	7.19965872600889	8.8003412739913
113	WGN39	6.00000000000009	0.40790122835946	1114	5.19965872600888	6.8003412739913
114	WGN39	6.5000000000001	0.407901228359459	1114	5.69965872600889	7.3003412739913
115	WGN39	8.0000000000001	0.40790122835946	1114	7.19965872600889	8.80034127399131
116	WGN39	6.00000000000009	0.40790122835946	1114	5.19965872600889	6.8003412739913
117	WGN39	6.00000000000009	0.40790122835946	1114	5.19965872600889	6.8003412739913
118	WGN39	8.0000000000001	0.40790122835946	1114	7.19965872600889	8.80034127399131
120	WGN39	7.00000000000009	0.40790122835946	1114	6.19965872600889	7.8003412739913
121	WGN39	5.90941704035884	0.576988775441454	1114	4.77730980578956	7.04152427492812
122	WGN39	6.0000000000001	0.407901228359459	1114	5.19965872600889	6.8003412739913
123	WGN39	6.00000000000009	0.40790122835946	1114	5.19965872600888	6.8003412739913
124	WGN39	6.00000000000009	0.40790122835946	1114	5.19965872600888	6.8003412739913
125	WGN39	7.5000000000001	0.40790122835946	1114	6.69965872600889	8.3003412739913
126	WGN39	6.00000000000009	0.40790122835946	1114	5.19965872600888	6.8003412739913
127	WGN39	6.0000000000001	0.40790122835946	1114	5.19965872600889	6.8003412739913
128	WGN39	6.09058295964135	0.576988775441455	1114	4.95847572507207	7.22269019421063
129	WGN39	6.0000000000001	0.40790122835946	1114	5.19965872600889	6.8003412739913
130	WGN39	7.0000000000001	0.40790122835946	1114	6.19965872600889	7.8003412739913
1	WGN45	8.50000000000011	0.407901228359447	1114	7.69965872600893	9.30034127399129
2	WGN45	8.50000000000005	0.40790122835946	1114	7.69965872600884	9.30034127399126
3	WGN45	7.00000000000006	0.40790122835946	1114	6.19965872600885	7.80034127399126
4	WGN45	7.50000000000005	0.407901228359458	1114	6.69965872600885	8.30034127399126
5	WGN45	8.00000000000005	0.407901228359462	1114	7.19965872600883	8.80034127399126
6	WGN45	8.50000000000007	0.407901228359459	1114	7.69965872600886	9.30034127399128
7	WGN45	6.50000000000006	0.40790122835946	1114	5.69965872600885	7.30034127399127
8	WGN45	8.50000000000005	0.407901228359461	1114	7.69965872600884	9.30034127399126
9	WGN45	8.50000000000008	0.407901228359458	1114	7.69965872600887	9.30034127399128
10	WGN45	8.50000000000007	0.40790122835946	1114	7.69965872600886	9.30034127399127
11	WGN45	8.00000000000007	0.407901228359454	1114	7.19965872600888	8.80034127399127
12	WGN45	8.50000000000006	0.407901228359462	1114	7.69965872600884	9.30034127399127
13	WGN45	8.50000000000007	0.407901228359459	1114	7.69965872600886	9.30034127399128
14	WGN45	7.50000000000007	0.407901228359459	1114	6.69965872600887	8.30034127399128
15	WGN45	8.50000000000005	0.407901228359461	1114	7.69965872600884	9.30034127399126
16	WGN45	7.50000000000005	0.407901228359461	1114	6.69965872600884	8.30034127399126
17	WGN45	8.0000000000001	0.407901228359452	1114	7.19965872600891	8.8003412739913
18	WGN45	6.50000000000008	0.40790122835946	1114	5.69965872600887	7.30034127399129
19	WGN45	8.00000000000008	0.407901228359463	1114	7.19965872600887	8.80034127399129
20	WGN45	8.00000000000002	0.407901228359465	1114	7.1996587260088	8.80034127399124
22	WGN45	8.50000000000007	0.407901228359459	1114	7.69965872600887	9.30034127399128
23	WGN45	6.50000000000009	0.407901228359457	1114	5.69965872600889	7.30034127399129
24	WGN45	8.09058295964132	0.576988775441456	1114	6.95847572507204	9.2226901942106
26	WGN45	5.90941704035882	0.576988775441456	1114	4.77730980578953	7.0415242749281
28	WGN45	8.00000000000004	0.407901228359463	1114	7.19965872600882	8.80034127399125
29	WGN45	7.90941704035881	0.576988775441454	1114	6.77730980578953	9.04152427492809
31	WGN45	7.50000000000009	0.407901228359456	1114	6.69965872600889	8.30034127399129
32	WGN45	9.00000000000006	0.407901228359459	1114	8.19965872600886	9.80034127399127
33	WGN45	6.00000000000003	0.407901228359462	1114	5.19965872600882	6.80034127399125
34	WGN45	8.50000000000007	0.407901228359462	1114	7.69965872600886	9.30034127399128
35	WGN45	7.50000000000005	0.407901228359462	1114	6.69965872600884	8.30034127399126
36	WGN45	7.50000000000008	0.407901228359457	1114	6.69965872600888	8.30034127399128
37	WGN45	8.00000000000006	0.407901228359457	1114	7.19965872600886	8.80034127399126
38	WGN45	7.09058295964133	0.576988775441462	1114	5.95847572507203	8.22269019421062
40	WGN45	8.00000000000007	0.407901228359456	1114	7.19965872600887	8.80034127399127
41	WGN45	8.00000000000006	0.407901228359461	1114	7.19965872600885	8.80034127399127
42	WGN45	8.50000000000008	0.407901228359468	1114	7.69965872600886	9.3003412739913
43	WGN45	7.50000000000004	0.407901228359463	1114	6.69965872600883	8.30034127399125
44	WGN45	7.00000000000006	0.407901228359461	1114	6.19965872600885	7.80034127399127
45	WGN45	8.50000000000006	0.407901228359457	1114	7.69965872600886	9.30034127399126
46	WGN45	8.00000000000008	0.407901228359452	1114	7.19965872600889	8.80034127399127
49	WGN45	9.00000000000007	0.407901228359461	1114	8.19965872600886	9.80034127399128
52	WGN45	7.00000000000005	0.407901228359461	1114	6.19965872600884	7.80034127399126
53	WGN45	7.0000000000001	0.407901228359455	1114	6.1996587260089	7.8003412739913
54	WGN45	6.50000000000008	0.407901228359458	1114	5.69965872600888	7.30034127399128
55	WGN45	7.50000000000007	0.407901228359458	1114	6.69965872600887	8.30034127399128
56	WGN45	8.00000000000007	0.407901228359456	1114	7.19965872600887	8.80034127399128
57	WGN45	6.50000000000005	0.40790122835946	1114	5.69965872600884	7.30034127399126
58	WGN45	8.50000000000006	0.407901228359455	1114	7.69965872600886	9.30034127399126
59	WGN45	8.00000000000007	0.40790122835946	1114	7.19965872600886	8.80034127399128
60	WGN45	6.50000000000007	0.40790122835946	1114	5.69965872600887	7.30034127399128
61	WGN45	7.50000000000006	0.407901228359459	1114	6.69965872600886	8.30034127399127
62	WGN45	7.00000000000007	0.407901228359459	1114	6.19965872600887	7.80034127399128
64	WGN45	8.00000000000005	0.407901228359462	1114	7.19965872600884	8.80034127399126
65	WGN45	8.00000000000004	0.407901228359457	1114	7.19965872600883	8.80034127399124
66	WGN45	7.50000000000006	0.40790122835946	1114	6.69965872600885	8.30034127399126
67	WGN45	5.90941704035881	0.576988775441455	1114	4.77730980578953	7.04152427492809
68	WGN45	8.00000000000007	0.40790122835946	1114	7.19965872600886	8.80034127399128
69	WGN45	9.00000000000006	0.407901228359459	1114	8.19965872600886	9.80034127399127
70	WGN45	8.00000000000006	0.407901228359461	1114	7.19965872600885	8.80034127399127
71	WGN45	7.00000000000008	0.407901228359458	1114	6.19965872600888	7.80034127399128
72	WGN45	7.50000000000007	0.407901228359458	1114	6.69965872600887	8.30034127399128
73	WGN45	7.09058295964134	0.576988775441454	1114	5.95847572507206	8.22269019421062
74	WGN45	8.90941704035882	0.576988775441453	1114	7.77730980578954	10.0415242749281
75	WGN45	6.90941704035878	0.576988775441458	1114	5.77730980578949	8.04152427492807
76	WGN45	9.00000000000009	0.407901228359462	1114	8.19965872600888	9.8003412739913
78	WGN45	7.00000000000007	0.40790122835946	1114	6.19965872600886	7.80034127399128
80	WGN45	9.00000000000006	0.407901228359459	1114	8.19965872600885	9.80034127399126
81	WGN45	8.50000000000007	0.407901228359459	1114	7.69965872600886	9.30034127399128
82	WGN45	8.09058295964133	0.576988775441451	1114	6.95847572507205	9.2226901942106
84	WGN45	8.00000000000007	0.407901228359458	1114	7.19965872600887	8.80034127399128
85	WGN45	8.00000000000007	0.407901228359458	1114	7.19965872600886	8.80034127399127
86	WGN45	9.00000000000006	0.407901228359459	1114	8.19965872600885	9.80034127399127
88	WGN45	8.50000000000006	0.407901228359458	1114	7.69965872600885	9.30034127399126
89	WGN45	7.50000000000006	0.40790122835946	1114	6.69965872600885	8.30034127399127
90	WGN45	7.00000000000007	0.407901228359459	1114	6.19965872600886	7.80034127399127
92	WGN45	8.00000000000007	0.407901228359458	1114	7.19965872600887	8.80034127399128
93	WGN45	6.00000000000008	0.407901228359458	1114	5.19965872600888	6.80034127399129
94	WGN45	8.50000000000006	0.407901228359459	1114	7.69965872600886	9.30034127399127
95	WGN45	8.50000000000006	0.407901228359458	1114	7.69965872600886	9.30034127399127
98	WGN45	8.00000000000007	0.407901228359459	1114	7.19965872600886	8.80034127399127
99	WGN45	7.90941704035881	0.576988775441455	1114	6.77730980578953	9.04152427492809
100	WGN45	7.50000000000006	0.40790122835946	1114	6.69965872600885	8.30034127399127
101	WGN45	9.00000000000006	0.407901228359458	1114	8.19965872600885	9.80034127399126
102	WGN45	8.50000000000006	0.407901228359458	1114	7.69965872600886	9.30034127399126
103	WGN45	8.00000000000007	0.40790122835946	1114	7.19965872600886	8.80034127399127
104	WGN45	8.50000000000007	0.40790122835946	1114	7.69965872600886	9.30034127399127
105	WGN45	8.00000000000006	0.40790122835946	1114	7.19965872600886	8.80034127399127
106	WGN45	7.50000000000007	0.407901228359458	1114	6.69965872600887	8.30034127399128
107	WGN45	8.00000000000007	0.407901228359459	1114	7.19965872600886	8.80034127399127
108	WGN45	7.50000000000006	0.40790122835946	1114	6.69965872600886	8.30034127399127
109	WGN45	8.00000000000006	0.407901228359461	1114	7.19965872600885	8.80034127399127
110	WGN45	8.00000000000006	0.407901228359461	1114	7.19965872600885	8.80034127399127
111	WGN45	8.00000000000007	0.40790122835946	1114	7.19965872600886	8.80034127399128
112	WGN45	5.90941704035882	0.576988775441455	1114	4.77730980578954	7.0415242749281
114	WGN45	6.50000000000008	0.407901228359459	1114	5.69965872600887	7.30034127399128
115	WGN45	6.09058295964133	0.576988775441455	1114	4.95847572507205	7.2226901942106
116	WGN45	8.00000000000007	0.407901228359459	1114	7.19965872600886	8.80034127399127
117	WGN45	7.09058295964133	0.576988775441453	1114	5.95847572507205	8.22269019421061
118	WGN45	8.50000000000006	0.40790122835946	1114	7.69965872600885	9.30034127399127
119	WGN45	8.00000000000006	0.40790122835946	1114	7.19965872600886	8.80034127399127
120	WGN45	8.50000000000006	0.40790122835946	1114	7.69965872600885	9.30034127399127
121	WGN45	8.00000000000006	0.40790122835946	1114	7.19965872600886	8.80034127399127
122	WGN45	8.09058295964132	0.576988775441456	1114	6.95847572507204	9.2226901942106
123	WGN45	7.90941704035881	0.576988775441455	1114	6.77730980578952	9.04152427492809
124	WGN45	8.00000000000006	0.40790122835946	1114	7.19965872600886	8.80034127399127
126	WGN45	8.50000000000006	0.40790122835946	1114	7.69965872600885	9.30034127399127
127	WGN45	8.50000000000006	0.40790122835946	1114	7.69965872600885	9.30034127399127
128	WGN45	8.00000000000006	0.40790122835946	1114	7.19965872600886	8.80034127399127
129	WGN45	7.00000000000006	0.40790122835946	1114	6.19965872600886	7.80034127399127
1	WGN46	7.49999999999998	0.407901228359456	1114	6.69965872600878	8.30034127399117
2	WGN46	8.00000000000013	0.407901228359464	1114	7.19965872600892	8.80034127399135
3	WGN46	7.0000000000001	0.407901228359456	1114	6.1996587260089	7.8003412739913
4	WGN46	7.5000000000001	0.407901228359462	1114	6.69965872600889	8.30034127399131
6	WGN46	6.00000000000012	0.407901228359458	1114	5.19965872600892	6.80034127399133
7	WGN46	8.0000000000001	0.407901228359455	1114	7.1996587260089	8.80034127399129
8	WGN46	8.0000000000001	0.407901228359459	1114	7.19965872600889	8.80034127399131
9	WGN46	8.00000000000012	0.407901228359464	1114	7.19965872600891	8.80034127399134
10	WGN46	7.0000000000001	0.407901228359466	1114	6.19965872600889	7.80034127399132
11	WGN46	8.5000000000001	0.407901228359458	1114	7.6996587260089	9.30034127399131
12	WGN46	7.00000000000012	0.407901228359457	1114	6.19965872600892	7.80034127399133
13	WGN46	8.0000000000001	0.407901228359456	1114	7.1996587260089	8.8003412739913
14	WGN46	6.5000000000001	0.40790122835946	1114	5.69965872600889	7.3003412739913
15	WGN46	7.50000000000012	0.407901228359458	1114	6.69965872600891	8.30034127399132
16	WGN46	8.0000000000001	0.407901228359456	1114	7.1996587260089	8.80034127399131
17	WGN46	8.09058295964137	0.576988775441454	1114	6.95847572507209	9.22269019421065
18	WGN46	8.5000000000001	0.407901228359458	1114	7.69965872600889	9.3003412739913
19	WGN46	8.00000000000012	0.407901228359462	1114	7.1996587260089	8.80034127399133
20	WGN46	8.00000000000012	0.407901228359461	1114	7.19965872600891	8.80034127399133
21	WGN46	6.09058295964133	0.576988775441462	1114	4.95847572507204	7.22269019421063
22	WGN46	7.00000000000013	0.407901228359458	1114	6.19965872600892	7.80034127399133
23	WGN46	7.90941704035884	0.576988775441457	1114	6.77730980578956	9.04152427492813
24	WGN46	8.50000000000011	0.40790122835946	1114	7.6996587260089	9.30034127399132
25	WGN46	8.50000000000013	0.407901228359463	1114	7.69965872600891	9.30034127399134
26	WGN46	8.50000000000009	0.407901228359457	1114	7.69965872600889	9.30034127399129
27	WGN46	7.50000000000011	0.407901228359464	1114	6.69965872600889	8.30034127399132
28	WGN46	8.50000000000012	0.407901228359464	1114	7.69965872600891	9.30034127399134
29	WGN46	7.0000000000001	0.407901228359462	1114	6.19965872600888	7.80034127399131
30	WGN46	8.00000000000011	0.407901228359459	1114	7.1996587260089	8.80034127399131
31	WGN46	8.00000000000011	0.407901228359459	1114	7.1996587260089	8.80034127399131
32	WGN46	9.00000000000012	0.407901228359462	1114	8.1996587260089	9.80034127399133
33	WGN46	7.5000000000001	0.407901228359463	1114	6.69965872600889	8.30034127399132
34	WGN46	8.00000000000012	0.407901228359464	1114	7.1996587260089	8.80034127399133
36	WGN46	8.00000000000011	0.407901228359461	1114	7.1996587260089	8.80034127399132
37	WGN46	8.50000000000013	0.407901228359464	1114	7.69965872600891	9.30034127399134
38	WGN46	7.50000000000011	0.407901228359458	1114	6.69965872600891	8.30034127399132
39	WGN46	7.50000000000011	0.407901228359461	1114	6.6996587260089	8.30034127399132
40	WGN46	8.0000000000001	0.407901228359459	1114	7.1996587260089	8.80034127399131
41	WGN46	8.0000000000001	0.407901228359457	1114	7.1996587260089	8.8003412739913
42	WGN46	7.00000000000011	0.407901228359459	1114	6.1996587260089	7.80034127399132
43	WGN46	5.50000000000007	0.407901228359462	1114	4.69965872600886	6.30034127399129
44	WGN46	8.00000000000011	0.407901228359462	1114	7.1996587260089	8.80034127399133
45	WGN46	7.50000000000011	0.407901228359457	1114	6.69965872600891	8.30034127399131
46	WGN46	8.50000000000011	0.40790122835946	1114	7.6996587260089	9.30034127399131
47	WGN46	8.00000000000012	0.407901228359463	1114	7.1996587260089	8.80034127399133
48	WGN46	8.00000000000012	0.407901228359463	1114	7.19965872600891	8.80034127399133
49	WGN46	8.00000000000012	0.407901228359463	1114	7.19965872600891	8.80034127399134
50	WGN46	7.00000000000012	0.407901228359459	1114	6.19965872600891	7.80034127399132
51	WGN46	7.90941704035881	0.576988775441456	1114	6.77730980578953	9.0415242749281
52	WGN46	8.00000000000011	0.407901228359461	1114	7.1996587260089	8.80034127399132
53	WGN46	7.5000000000001	0.407901228359457	1114	6.69965872600889	8.3003412739913
54	WGN46	8.00000000000011	0.40790122835946	1114	7.1996587260089	8.80034127399132
55	WGN46	8.5000000000001	0.40790122835946	1114	7.6996587260089	9.30034127399131
56	WGN46	8.50000000000009	0.407901228359459	1114	7.69965872600889	9.3003412739913
57	WGN46	7.00000000000012	0.407901228359457	1114	6.19965872600892	7.80034127399132
58	WGN46	8.00000000000012	0.407901228359463	1114	7.1996587260089	8.80034127399133
59	WGN46	8.5000000000001	0.407901228359459	1114	7.6996587260089	9.30034127399131
60	WGN46	6.50000000000009	0.407901228359463	1114	5.69965872600887	7.3003412739913
61	WGN46	9.0000000000001	0.407901228359458	1114	8.1996587260089	9.80034127399131
62	WGN46	8.50000000000011	0.40790122835946	1114	7.6996587260089	9.30034127399132
63	WGN46	8.50000000000011	0.40790122835946	1114	7.6996587260089	9.30034127399132
64	WGN46	7.50000000000011	0.407901228359461	1114	6.6996587260089	8.30034127399132
65	WGN46	7.90941704035886	0.576988775441453	1114	6.77730980578958	9.04152427492814
66	WGN46	8.00000000000011	0.40790122835946	1114	7.1996587260089	8.80034127399132
67	WGN46	7.50000000000012	0.40790122835946	1114	6.69965872600891	8.30034127399132
68	WGN46	8.00000000000011	0.40790122835946	1114	7.1996587260089	8.80034127399132
69	WGN46	7.0000000000001	0.407901228359461	1114	6.19965872600889	7.8003412739913
70	WGN46	7.00000000000009	0.407901228359462	1114	6.19965872600888	7.8003412739913
71	WGN46	8.50000000000009	0.407901228359459	1114	7.69965872600889	9.3003412739913
72	WGN46	8.00000000000011	0.40790122835946	1114	7.1996587260089	8.80034127399132
73	WGN46	7.50000000000012	0.407901228359462	1114	6.69965872600891	8.30034127399133
74	WGN46	8.0000000000001	0.407901228359458	1114	7.1996587260089	8.80034127399131
75	WGN46	8.00000000000011	0.407901228359463	1114	7.1996587260089	8.80034127399133
76	WGN46	8.00000000000011	0.40790122835946	1114	7.19965872600891	8.80034127399132
78	WGN46	8.0000000000001	0.407901228359457	1114	7.1996587260089	8.80034127399131
79	WGN46	8.00000000000012	0.407901228359462	1114	7.19965872600891	8.80034127399133
80	WGN46	8.00000000000011	0.407901228359462	1114	7.1996587260089	8.80034127399133
81	WGN46	7.00000000000011	0.407901228359461	1114	6.1996587260089	7.80034127399132
82	WGN46	7.50000000000011	0.407901228359458	1114	6.69965872600891	8.30034127399131
83	WGN46	8.00000000000011	0.407901228359459	1114	7.19965872600891	8.80034127399132
84	WGN46	8.00000000000012	0.407901228359461	1114	7.19965872600891	8.80034127399133
85	WGN46	7.00000000000011	0.407901228359459	1114	6.1996587260089	7.80034127399132
86	WGN46	8.00000000000011	0.407901228359459	1114	7.1996587260089	8.80034127399131
87	WGN46	9.00000000000014	0.407901228359463	1114	8.19965872600892	9.80034127399135
88	WGN46	7.50000000000011	0.40790122835946	1114	6.6996587260089	8.30034127399132
89	WGN46	7.0000000000001	0.407901228359461	1114	6.1996587260089	7.80034127399131
90	WGN46	8.00000000000012	0.407901228359461	1114	7.1996587260089	8.80034127399133
91	WGN46	8.09058295964136	0.576988775441454	1114	6.95847572507208	9.22269019421064
93	WGN46	7.50000000000011	0.407901228359461	1114	6.6996587260089	8.30034127399132
94	WGN46	8.00000000000011	0.407901228359458	1114	7.1996587260089	8.80034127399131
95	WGN46	9.00000000000012	0.407901228359459	1114	8.19965872600891	9.80034127399132
98	WGN46	7.50000000000011	0.407901228359459	1114	6.6996587260089	8.30034127399132
100	WGN46	8.00000000000012	0.40790122835946	1114	7.19965872600891	8.80034127399133
101	WGN46	8.50000000000012	0.407901228359461	1114	7.69965872600891	9.30034127399133
102	WGN46	8.00000000000012	0.40790122835946	1114	7.19965872600891	8.80034127399133
103	WGN46	8.00000000000011	0.407901228359459	1114	7.1996587260089	8.80034127399131
104	WGN46	8.50000000000011	0.407901228359459	1114	7.6996587260089	9.30034127399132
106	WGN46	8.50000000000011	0.40790122835946	1114	7.69965872600891	9.30034127399132
107	WGN46	8.00000000000011	0.40790122835946	1114	7.1996587260089	8.80034127399132
108	WGN46	8.00000000000011	0.40790122835946	1114	7.19965872600891	8.80034127399132
109	WGN46	8.00000000000011	0.40790122835946	1114	7.1996587260089	8.80034127399132
110	WGN46	7.50000000000011	0.407901228359461	1114	6.69965872600891	8.30034127399132
111	WGN46	8.00000000000011	0.40790122835946	1114	7.1996587260089	8.80034127399132
112	WGN46	8.50000000000012	0.40790122835946	1114	7.69965872600891	9.30034127399132
113	WGN46	8.00000000000011	0.40790122835946	1114	7.19965872600891	8.80034127399132
114	WGN46	7.50000000000011	0.40790122835946	1114	6.69965872600891	8.30034127399132
115	WGN46	8.00000000000011	0.40790122835946	1114	7.1996587260089	8.80034127399132
116	WGN46	8.00000000000011	0.407901228359459	1114	7.1996587260089	8.80034127399132
117	WGN46	7.50000000000011	0.40790122835946	1114	6.6996587260089	8.30034127399132
118	WGN46	8.09058295964137	0.576988775441457	1114	6.95847572507209	9.22269019421066
119	WGN46	8.00000000000012	0.40790122835946	1114	7.19965872600891	8.80034127399133
120	WGN46	7.00000000000011	0.40790122835946	1114	6.1996587260089	7.80034127399132
121	WGN46	8.00000000000012	0.40790122835946	1114	7.19965872600891	8.80034127399132
122	WGN46	8.00000000000012	0.40790122835946	1114	7.19965872600891	8.80034127399132
123	WGN46	7.50000000000011	0.40790122835946	1114	6.6996587260089	8.30034127399132
124	WGN46	7.00000000000011	0.40790122835946	1114	6.1996587260089	7.80034127399132
125	WGN46	8.00000000000012	0.40790122835946	1114	7.19965872600891	8.80034127399132
126	WGN46	8.00000000000012	0.40790122835946	1114	7.19965872600891	8.80034127399132
127	WGN46	8.00000000000012	0.40790122835946	1114	7.19965872600891	8.80034127399132
128	WGN46	8.00000000000012	0.40790122835946	1114	7.19965872600891	8.80034127399132
129	WGN46	8.50000000000012	0.40790122835946	1114	7.69965872600891	9.30034127399132
130	WGN46	8.00000000000012	0.40790122835946	1114	7.19965872600891	8.80034127399132
1	WGN55	7.50000000000009	0.407901228359458	1114	6.69965872600888	8.30034127399129
2	WGN55	9.00000000000015	0.407901228359457	1114	8.19965872600895	9.80034127399135
3	WGN55	7.50000000000012	0.407901228359456	1114	6.69965872600892	8.30034127399132
4	WGN55	8.0000000000001	0.407901228359458	1114	7.1996587260089	8.80034127399131
5	WGN55	8.00000000000013	0.407901228359455	1114	7.19965872600893	8.80034127399133
6	WGN55	8.00000000000008	0.40790122835946	1114	7.19965872600887	8.80034127399129
7	WGN55	7.50000000000012	0.40790122835946	1114	6.69965872600891	8.30034127399132
8	WGN55	9.00000000000012	0.407901228359459	1114	8.19965872600891	9.80034127399133
9	WGN55	8.0000000000001	0.407901228359459	1114	7.19965872600889	8.80034127399131
10	WGN55	9.09058295964142	0.576988775441457	1114	7.95847572507214	10.2226901942107
11	WGN55	8.00000000000012	0.40790122835946	1114	7.19965872600892	8.80034127399133
12	WGN55	8.90941704035886	0.576988775441455	1114	7.77730980578958	10.0415242749281
13	WGN55	8.5000000000001	0.407901228359459	1114	7.6996587260089	9.30034127399131
14	WGN55	8.50000000000014	0.407901228359464	1114	7.69965872600892	9.30034127399135
15	WGN55	8.00000000000012	0.407901228359459	1114	7.19965872600891	8.80034127399132
16	WGN55	8.50000000000013	0.407901228359461	1114	7.69965872600892	9.30034127399134
17	WGN55	8.90941704035884	0.576988775441451	1114	7.77730980578957	10.0415242749281
18	WGN55	9.00000000000016	0.407901228359461	1114	8.19965872600895	9.80034127399137
19	WGN55	8.0000000000001	0.407901228359462	1114	7.19965872600889	8.80034127399131
20	WGN55	8.00000000000013	0.407901228359462	1114	7.19965872600892	8.80034127399134
21	WGN55	8.50000000000011	0.40790122835946	1114	7.6996587260089	9.30034127399132
22	WGN55	8.00000000000012	0.407901228359458	1114	7.19965872600891	8.80034127399132
23	WGN55	8.00000000000014	0.407901228359462	1114	7.19965872600892	8.80034127399135
24	WGN55	9.0000000000001	0.407901228359459	1114	8.1996587260089	9.8003412739913
25	WGN55	8.00000000000011	0.407901228359456	1114	7.19965872600891	8.80034127399131
26	WGN55	9.00000000000011	0.407901228359462	1114	8.1996587260089	9.80034127399132
27	WGN55	7.50000000000011	0.407901228359464	1114	6.6996587260089	8.30034127399133
28	WGN55	7.90941704035883	0.57698877544145	1114	6.77730980578956	9.0415242749281
29	WGN55	8.00000000000011	0.407901228359456	1114	7.19965872600891	8.80034127399131
30	WGN55	8.00000000000012	0.407901228359464	1114	7.19965872600891	8.80034127399134
31	WGN55	8.00000000000013	0.407901228359464	1114	7.19965872600891	8.80034127399134
32	WGN55	8.50000000000012	0.407901228359462	1114	7.69965872600891	9.30034127399133
33	WGN55	8.00000000000012	0.407901228359459	1114	7.19965872600891	8.80034127399132
34	WGN55	7.00000000000012	0.407901228359459	1114	6.19965872600892	7.80034127399133
35	WGN55	7.50000000000011	0.407901228359461	1114	6.6996587260089	8.30034127399132
36	WGN55	8.50000000000012	0.407901228359463	1114	7.69965872600891	9.30034127399133
37	WGN55	8.00000000000012	0.407901228359463	1114	7.1996587260089	8.80034127399133
38	WGN55	8.00000000000011	0.407901228359461	1114	7.1996587260089	8.80034127399132
40	WGN55	8.00000000000012	0.407901228359464	1114	7.19965872600891	8.80034127399134
41	WGN55	8.5000000000001	0.407901228359458	1114	7.6996587260089	9.30034127399131
42	WGN55	8.50000000000013	0.407901228359461	1114	7.69965872600892	9.30034127399134
43	WGN55	9.0000000000001	0.407901228359458	1114	8.1996587260089	9.8003412739913
44	WGN55	9.00000000000009	0.407901228359457	1114	8.19965872600889	9.80034127399129
45	WGN55	8.00000000000011	0.407901228359459	1114	7.19965872600891	8.80034127399132
46	WGN55	7.00000000000011	0.407901228359462	1114	6.1996587260089	7.80034127399132
47	WGN55	8.00000000000012	0.407901228359462	1114	7.19965872600891	8.80034127399133
48	WGN55	7.00000000000012	0.407901228359457	1114	6.19965872600892	7.80034127399132
49	WGN55	7.00000000000011	0.40790122835946	1114	6.19965872600891	7.80034127399132
50	WGN55	8.00000000000012	0.407901228359463	1114	7.19965872600891	8.80034127399134
52	WGN55	8.00000000000012	0.407901228359462	1114	7.1996587260089	8.80034127399133
53	WGN55	8.90941704035887	0.576988775441454	1114	7.77730980578959	10.0415242749282
54	WGN55	8.00000000000012	0.40790122835946	1114	7.19965872600892	8.80034127399133
55	WGN55	9.00000000000013	0.407901228359463	1114	8.19965872600892	9.80034127399134
56	WGN55	9.00000000000011	0.407901228359459	1114	8.1996587260089	9.80034127399132
57	WGN55	9.00000000000013	0.407901228359461	1114	8.19965872600892	9.80034127399134
58	WGN55	8.00000000000012	0.407901228359462	1114	7.1996587260089	8.80034127399133
59	WGN55	8.50000000000014	0.407901228359462	1114	7.69965872600892	9.30034127399135
60	WGN55	7.00000000000012	0.407901228359457	1114	6.19965872600892	7.80034127399132
61	WGN55	7.00000000000012	0.407901228359459	1114	6.19965872600891	7.80034127399133
62	WGN55	8.00000000000011	0.40790122835946	1114	7.1996587260089	8.80034127399132
63	WGN55	7.50000000000012	0.407901228359459	1114	6.69965872600891	8.30034127399133
64	WGN55	8.00000000000012	0.407901228359458	1114	7.19965872600891	8.80034127399132
65	WGN55	9.00000000000013	0.407901228359461	1114	8.19965872600892	9.80034127399134
66	WGN55	7.50000000000011	0.407901228359462	1114	6.6996587260089	8.30034127399132
67	WGN55	8.00000000000012	0.407901228359462	1114	7.19965872600891	8.80034127399133
68	WGN55	6.00000000000011	0.407901228359461	1114	5.1996587260089	6.80034127399132
69	WGN55	8.00000000000012	0.40790122835946	1114	7.19965872600891	8.80034127399133
70	WGN55	8.5000000000001	0.407901228359456	1114	7.6996587260089	9.3003412739913
71	WGN55	7.50000000000011	0.40790122835946	1114	6.69965872600891	8.30034127399132
72	WGN55	8.50000000000012	0.40790122835946	1114	7.69965872600891	9.30034127399133
73	WGN55	8.5000000000001	0.407901228359458	1114	7.69965872600889	9.3003412739913
74	WGN55	8.50000000000014	0.40790122835946	1114	7.69965872600893	9.30034127399135
75	WGN55	8.00000000000011	0.40790122835946	1114	7.19965872600891	8.80034127399132
76	WGN55	8.50000000000011	0.407901228359459	1114	7.6996587260089	9.30034127399131
77	WGN55	9.00000000000011	0.40790122835946	1114	8.19965872600891	9.80034127399132
78	WGN55	6.50000000000013	0.407901228359458	1114	5.69965872600893	7.30034127399133
80	WGN55	7.50000000000012	0.407901228359462	1114	6.69965872600891	8.30034127399133
81	WGN55	8.50000000000012	0.407901228359461	1114	7.69965872600891	9.30034127399133
82	WGN55	8.00000000000012	0.40790122835946	1114	7.19965872600891	8.80034127399133
83	WGN55	8.00000000000011	0.40790122835946	1114	7.19965872600891	8.80034127399132
85	WGN55	8.00000000000012	0.407901228359461	1114	7.19965872600891	8.80034127399133
86	WGN55	8.00000000000012	0.407901228359461	1114	7.19965872600891	8.80034127399133
87	WGN55	7.00000000000012	0.407901228359459	1114	6.19965872600891	7.80034127399133
88	WGN55	6.50000000000011	0.407901228359461	1114	5.6996587260089	7.30034127399132
89	WGN55	9.00000000000012	0.407901228359461	1114	8.19965872600891	9.80034127399133
90	WGN55	8.00000000000012	0.407901228359461	1114	7.19965872600891	8.80034127399133
91	WGN55	8.00000000000012	0.40790122835946	1114	7.19965872600891	8.80034127399132
92	WGN55	8.50000000000012	0.40790122835946	1114	7.69965872600891	9.30034127399133
93	WGN55	7.50000000000011	0.40790122835946	1114	6.6996587260089	8.30034127399132
94	WGN55	7.50000000000011	0.407901228359459	1114	6.69965872600891	8.30034127399132
95	WGN55	8.50000000000012	0.40790122835946	1114	7.69965872600891	9.30034127399133
96	WGN55	8.00000000000011	0.407901228359461	1114	7.1996587260089	8.80034127399132
97	WGN55	8.00000000000012	0.407901228359461	1114	7.19965872600891	8.80034127399133
98	WGN55	8.00000000000012	0.40790122835946	1114	7.19965872600891	8.80034127399133
99	WGN55	8.00000000000011	0.407901228359459	1114	7.19965872600891	8.80034127399132
100	WGN55	8.00000000000012	0.407901228359461	1114	7.19965872600891	8.80034127399133
101	WGN55	9.00000000000012	0.40790122835946	1114	8.19965872600891	9.80034127399133
102	WGN55	7.00000000000012	0.40790122835946	1114	6.19965872600891	7.80034127399132
103	WGN55	8.50000000000011	0.407901228359459	1114	7.6996587260089	9.30034127399132
104	WGN55	8.50000000000012	0.407901228359461	1114	7.69965872600891	9.30034127399133
105	WGN55	8.00000000000012	0.40790122835946	1114	7.19965872600891	8.80034127399132
106	WGN55	7.50000000000011	0.407901228359461	1114	6.69965872600891	8.30034127399132
107	WGN55	7.50000000000012	0.40790122835946	1114	6.69965872600891	8.30034127399132
108	WGN55	8.50000000000011	0.40790122835946	1114	7.69965872600891	9.30034127399132
109	WGN55	8.00000000000011	0.40790122835946	1114	7.1996587260089	8.80034127399132
110	WGN55	8.50000000000012	0.40790122835946	1114	7.69965872600891	9.30034127399132
111	WGN55	8.50000000000011	0.40790122835946	1114	7.69965872600891	9.30034127399132
112	WGN55	8.50000000000012	0.40790122835946	1114	7.69965872600891	9.30034127399133
113	WGN55	8.00000000000011	0.407901228359459	1114	7.19965872600891	8.80034127399132
114	WGN55	7.00000000000012	0.407901228359459	1114	6.19965872600891	7.80034127399133
115	WGN55	8.50000000000011	0.407901228359459	1114	7.69965872600891	9.30034127399132
116	WGN55	8.09058295964137	0.576988775441456	1114	6.95847572507209	9.22269019421065
117	WGN55	8.00000000000012	0.40790122835946	1114	7.19965872600891	8.80034127399132
118	WGN55	8.50000000000012	0.40790122835946	1114	7.69965872600891	9.30034127399132
119	WGN55	8.50000000000012	0.40790122835946	1114	7.69965872600891	9.30034127399132
120	WGN55	8.50000000000012	0.40790122835946	1114	7.69965872600891	9.30034127399133
121	WGN55	8.50000000000011	0.40790122835946	1114	7.69965872600891	9.30034127399132
122	WGN55	8.50000000000011	0.40790122835946	1114	7.69965872600891	9.30034127399132
123	WGN55	7.50000000000011	0.40790122835946	1114	6.69965872600891	8.30034127399132
124	WGN55	9.00000000000012	0.40790122835946	1114	8.19965872600891	9.80034127399132
125	WGN55	8.50000000000012	0.40790122835946	1114	7.69965872600891	9.30034127399132
126	WGN55	8.00000000000012	0.40790122835946	1114	7.19965872600891	8.80034127399132
128	WGN55	8.00000000000011	0.40790122835946	1114	7.19965872600891	8.80034127399132
129	WGN55	8.50000000000011	0.40790122835946	1114	7.69965872600891	9.30034127399132
130	WGN55	8.50000000000012	0.40790122835946	1114	7.69965872600891	9.30034127399132
1	WGN63	7.00000000000017	0.407901228359459	1114	6.19965872600896	7.80034127399137
2	WGN63	7.50000000000013	0.407901228359463	1114	6.69965872600891	8.30034127399134
3	WGN63	8.00000000000015	0.407901228359462	1114	7.19965872600894	8.80034127399136
4	WGN63	8.00000000000016	0.407901228359463	1114	7.19965872600894	8.80034127399137
5	WGN63	6.50000000000014	0.407901228359459	1114	5.69965872600894	7.30034127399135
6	WGN63	7.90941704035888	0.576988775441458	1114	6.77730980578959	9.04152427492817
7	WGN63	6.00000000000012	0.407901228359458	1114	5.19965872600892	6.80034127399133
8	WGN63	6.50000000000013	0.407901228359457	1114	5.69965872600893	7.30034127399133
9	WGN63	7.00000000000013	0.407901228359459	1114	6.19965872600892	7.80034127399133
10	WGN63	7.50000000000013	0.407901228359456	1114	6.69965872600893	8.30034127399133
12	WGN63	7.00000000000012	0.407901228359458	1114	6.19965872600892	7.80034127399133
13	WGN63	6.00000000000014	0.407901228359462	1114	5.19965872600893	6.80034127399135
14	WGN63	7.00000000000014	0.407901228359459	1114	6.19965872600894	7.80034127399135
16	WGN63	6.00000000000015	0.407901228359458	1114	5.19965872600894	6.80034127399135
17	WGN63	6.00000000000011	0.40790122835946	1114	5.1996587260089	6.80034127399132
18	WGN63	6.00000000000014	0.407901228359458	1114	5.19965872600894	6.80034127399135
19	WGN63	6.50000000000011	0.407901228359461	1114	5.6996587260089	7.30034127399132
20	WGN63	7.00000000000012	0.407901228359458	1114	6.19965872600892	7.80034127399133
21	WGN63	7.00000000000012	0.407901228359463	1114	6.19965872600891	7.80034127399134
22	WGN63	6.00000000000012	0.407901228359461	1114	5.19965872600891	6.80034127399133
23	WGN63	6.50000000000012	0.407901228359461	1114	5.69965872600891	7.30034127399133
24	WGN63	7.50000000000013	0.40790122835946	1114	6.69965872600892	8.30034127399134
25	WGN63	6.00000000000013	0.407901228359457	1114	5.19965872600893	6.80034127399133
26	WGN63	7.50000000000012	0.407901228359457	1114	6.69965872600892	8.30034127399132
27	WGN63	6.50000000000012	0.407901228359458	1114	5.69965872600892	7.30034127399133
28	WGN63	7.50000000000014	0.407901228359463	1114	6.69965872600893	8.30034127399136
29	WGN63	6.50000000000012	0.407901228359463	1114	5.69965872600891	7.30034127399133
30	WGN63	8.0000000000001	0.40790122835946	1114	7.19965872600889	8.8003412739913
31	WGN63	6.00000000000014	0.40790122835946	1114	5.19965872600893	6.80034127399134
32	WGN63	7.00000000000012	0.407901228359456	1114	6.19965872600892	7.80034127399132
33	WGN63	6.50000000000013	0.40790122835946	1114	5.69965872600892	7.30034127399134
34	WGN63	8.00000000000011	0.407901228359457	1114	7.1996587260089	8.80034127399131
35	WGN63	6.00000000000015	0.407901228359458	1114	5.19965872600895	6.80034127399136
36	WGN63	6.50000000000013	0.40790122835946	1114	5.69965872600892	7.30034127399133
37	WGN63	7.50000000000013	0.407901228359461	1114	6.69965872600892	8.30034127399134
38	WGN63	7.50000000000013	0.40790122835946	1114	6.69965872600892	8.30034127399134
39	WGN63	8.00000000000014	0.407901228359461	1114	7.19965872600894	8.80034127399135
40	WGN63	6.5000000000001	0.407901228359462	1114	5.69965872600889	7.30034127399131
41	WGN63	7.90941704035885	0.576988775441452	1114	6.77730980578958	9.04152427492813
42	WGN63	6.00000000000014	0.407901228359457	1114	5.19965872600894	6.80034127399134
43	WGN63	6.00000000000013	0.407901228359459	1114	5.19965872600892	6.80034127399134
44	WGN63	6.5000000000001	0.407901228359462	1114	5.69965872600889	7.30034127399132
45	WGN63	8.00000000000012	0.407901228359462	1114	7.19965872600891	8.80034127399133
46	WGN63	7.00000000000011	0.407901228359457	1114	6.19965872600891	7.80034127399132
47	WGN63	6.00000000000013	0.40790122835946	1114	5.19965872600892	6.80034127399133
48	WGN63	6.50000000000011	0.407901228359463	1114	5.6996587260089	7.30034127399133
49	WGN63	8.00000000000013	0.407901228359462	1114	7.19965872600892	8.80034127399134
50	WGN63	6.00000000000011	0.407901228359463	1114	5.1996587260089	6.80034127399133
51	WGN63	7.09058295964139	0.576988775441455	1114	5.95847572507211	8.22269019421067
52	WGN63	6.0000000000001	0.407901228359461	1114	5.19965872600889	6.80034127399131
53	WGN63	7.00000000000012	0.407901228359461	1114	6.19965872600891	7.80034127399133
54	WGN63	6.50000000000013	0.40790122835946	1114	5.69965872600892	7.30034127399134
55	WGN63	6.50000000000013	0.40790122835946	1114	5.69965872600893	7.30034127399134
56	WGN63	6.00000000000013	0.40790122835946	1114	5.19965872600893	6.80034127399134
57	WGN63	6.50000000000013	0.407901228359459	1114	5.69965872600892	7.30034127399133
58	WGN63	7.50000000000013	0.40790122835946	1114	6.69965872600892	8.30034127399133
59	WGN63	7.00000000000013	0.407901228359459	1114	6.19965872600893	7.80034127399134
60	WGN63	7.00000000000013	0.40790122835946	1114	6.19965872600892	7.80034127399134
61	WGN63	7.50000000000013	0.407901228359461	1114	6.69965872600892	8.30034127399134
62	WGN63	6.00000000000013	0.40790122835946	1114	5.19965872600892	6.80034127399134
63	WGN63	6.00000000000012	0.40790122835946	1114	5.19965872600891	6.80034127399133
64	WGN63	8.0000000000001	0.40790122835946	1114	7.19965872600889	8.80034127399131
65	WGN63	8.00000000000012	0.407901228359462	1114	7.19965872600891	8.80034127399134
66	WGN63	7.50000000000012	0.40790122835946	1114	6.69965872600891	8.30034127399133
67	WGN63	6.00000000000014	0.407901228359459	1114	5.19965872600893	6.80034127399134
68	WGN63	7.50000000000013	0.407901228359461	1114	6.69965872600892	8.30034127399134
69	WGN63	7.00000000000012	0.407901228359458	1114	6.19965872600892	7.80034127399133
70	WGN63	7.50000000000012	0.40790122835946	1114	6.69965872600891	8.30034127399133
72	WGN63	7.50000000000013	0.40790122835946	1114	6.69965872600892	8.30034127399134
73	WGN63	7.50000000000012	0.40790122835946	1114	6.69965872600891	8.30034127399133
74	WGN63	6.50000000000012	0.40790122835946	1114	5.69965872600891	7.30034127399133
75	WGN63	8.50000000000012	0.40790122835946	1114	7.69965872600891	9.30034127399133
76	WGN63	7.00000000000013	0.407901228359461	1114	6.19965872600892	7.80034127399134
77	WGN63	6.00000000000012	0.40790122835946	1114	5.19965872600892	6.80034127399133
78	WGN63	6.00000000000012	0.407901228359461	1114	5.19965872600891	6.80034127399133
79	WGN63	8.00000000000012	0.407901228359459	1114	7.19965872600891	8.80034127399133
80	WGN63	6.00000000000012	0.40790122835946	1114	5.19965872600891	6.80034127399133
81	WGN63	7.00000000000013	0.40790122835946	1114	6.19965872600892	7.80034127399134
82	WGN63	7.00000000000013	0.407901228359459	1114	6.19965872600892	7.80034127399133
83	WGN63	7.50000000000013	0.407901228359461	1114	6.69965872600892	8.30034127399134
84	WGN63	7.50000000000013	0.40790122835946	1114	6.69965872600892	8.30034127399133
85	WGN63	7.50000000000012	0.40790122835946	1114	6.69965872600892	8.30034127399133
86	WGN63	7.00000000000013	0.407901228359459	1114	6.19965872600892	7.80034127399133
87	WGN63	6.50000000000012	0.407901228359461	1114	5.69965872600892	7.30034127399133
88	WGN63	6.50000000000013	0.40790122835946	1114	5.69965872600892	7.30034127399133
89	WGN63	6.00000000000012	0.40790122835946	1114	5.19965872600891	6.80034127399133
90	WGN63	8.09058295964138	0.576988775441457	1114	6.9584757250721	9.22269019421067
91	WGN63	6.00000000000013	0.40790122835946	1114	5.19965872600892	6.80034127399133
92	WGN63	6.00000000000013	0.407901228359459	1114	5.19965872600892	6.80034127399134
93	WGN63	6.00000000000013	0.407901228359459	1114	5.19965872600892	6.80034127399133
94	WGN63	7.50000000000012	0.40790122835946	1114	6.69965872600892	8.30034127399133
95	WGN63	7.90941704035888	0.576988775441457	1114	6.77730980578959	9.04152427492816
96	WGN63	6.50000000000012	0.407901228359459	1114	5.69965872600892	7.30034127399133
97	WGN63	7.50000000000012	0.407901228359459	1114	6.69965872600891	8.30034127399132
98	WGN63	6.50000000000013	0.407901228359459	1114	5.69965872600892	7.30034127399133
99	WGN63	6.00000000000012	0.40790122835946	1114	5.19965872600892	6.80034127399133
100	WGN63	7.00000000000013	0.407901228359459	1114	6.19965872600892	7.80034127399133
101	WGN63	6.00000000000013	0.40790122835946	1114	5.19965872600892	6.80034127399133
102	WGN63	7.50000000000012	0.40790122835946	1114	6.69965872600892	8.30034127399133
103	WGN63	8.00000000000013	0.407901228359459	1114	7.19965872600892	8.80034127399133
105	WGN63	8.00000000000012	0.407901228359459	1114	7.19965872600892	8.80034127399133
106	WGN63	6.90941704035887	0.576988775441457	1114	5.77730980578959	8.04152427492815
107	WGN63	6.50000000000013	0.407901228359459	1114	5.69965872600892	7.30034127399133
109	WGN63	6.50000000000013	0.407901228359459	1114	5.69965872600892	7.30034127399133
110	WGN63	7.00000000000012	0.407901228359459	1114	6.19965872600892	7.80034127399133
111	WGN63	7.50000000000013	0.40790122835946	1114	6.69965872600892	8.30034127399133
112	WGN63	8.00000000000013	0.40790122835946	1114	7.19965872600892	8.80034127399134
114	WGN63	7.50000000000013	0.407901228359459	1114	6.69965872600892	8.30034127399133
115	WGN63	7.50000000000013	0.40790122835946	1114	6.69965872600892	8.30034127399133
116	WGN63	7.50000000000013	0.407901228359459	1114	6.69965872600892	8.30034127399133
117	WGN63	6.00000000000012	0.40790122835946	1114	5.19965872600892	6.80034127399133
118	WGN63	7.00000000000013	0.407901228359459	1114	6.19965872600892	7.80034127399133
119	WGN63	7.00000000000013	0.40790122835946	1114	6.19965872600892	7.80034127399133
121	WGN63	6.50000000000013	0.40790122835946	1114	5.69965872600892	7.30034127399133
122	WGN63	8.00000000000012	0.407901228359459	1114	7.19965872600892	8.80034127399133
123	WGN63	7.00000000000013	0.407901228359459	1114	6.19965872600892	7.80034127399133
124	WGN63	6.50000000000013	0.407901228359459	1114	5.69965872600892	7.30034127399133
125	WGN63	6.50000000000013	0.407901228359459	1114	5.69965872600892	7.30034127399133
126	WGN63	6.00000000000013	0.407901228359459	1114	5.19965872600892	6.80034127399133
127	WGN63	6.50000000000013	0.407901228359459	1114	5.69965872600892	7.30034127399133
128	WGN63	6.00000000000013	0.407901228359459	1114	5.19965872600892	6.80034127399133
129	WGN63	8.00000000000012	0.407901228359459	1114	7.19965872600892	8.80034127399133
130	WGN63	7.00000000000013	0.407901228359459	1114	6.19965872600892	7.80034127399133
