plantID3	famID	emmean	SE	df	lower.CL	upper.CL
1	WGN07	6.50000000000244	0.405924359659642	1083	5.70351273475204	7.29648726525284
2	WGN07	5.99999999999995	0.405924359659808	1083	5.20351273474922	6.79648726525068
3	WGN07	6.49999999999979	0.40592435965986	1083	5.70351273474896	7.29648726525062
4	WGN07	5.00000000000004	0.405924359659847	1083	4.20351273474923	5.79648726525084
5	WGN07	8.00000000000013	0.405924359659843	1083	7.20351273474933	8.79648726525093
6	WGN07	5.00000000000001	0.40592435965982	1083	4.20351273474926	5.79648726525077
7	WGN07	6.00000000000004	0.405924359659843	1083	5.20351273474924	6.79648726525083
8	WGN07	7.5	0.40592435965983	1083	6.70351273474923	8.29648726525078
9	WGN07	7.88514760147606	0.574196114237918	1083	6.75848475933908	9.01181044361305
10	WGN07	5.50000000000002	0.405924359659833	1083	4.70351273474924	6.29648726525079
11	WGN07	6.00000000000006	0.405924359659825	1083	5.2035127347493	6.79648726525082
12	WGN07	5.99999999999999	0.405924359659836	1083	5.2035127347492	6.79648726525077
13	WGN07	8.00000000000009	0.405924359659839	1083	7.2035127347493	8.79648726525087
14	WGN07	5.99999999999998	0.405924359659838	1083	5.2035127347492	6.79648726525077
15	WGN07	7.50000000000006	0.405924359659829	1083	6.70351273474929	8.29648726525083
16	WGN07	6.50000000000003	0.405924359659831	1083	5.70351273474926	7.29648726525081
17	WGN07	9.00000000000017	0.405924359659843	1083	8.20351273474938	9.79648726525097
18	WGN07	7.50000000000003	0.405924359659828	1083	6.70351273474926	8.2964872652508
20	WGN07	5.50000000000008	0.405924359659841	1083	4.70351273474929	6.29648726525088
21	WGN07	8.88514760147601	0.574196114237907	1083	7.75848475933904	10.011810443613
22	WGN07	6.50000000000009	0.405924359659838	1083	5.7035127347493	7.29648726525088
23	WGN07	7.99999999999999	0.405924359659837	1083	7.20351273474921	8.79648726525078
24	WGN07	8.50000000000018	0.405924359659839	1083	7.70351273474939	9.29648726525097
25	WGN07	6.5000000000001	0.405924359659837	1083	5.70351273474932	7.29648726525089
26	WGN07	8.00000000000004	0.405924359659833	1083	7.20351273474926	8.79648726525081
27	WGN07	8.00000000000005	0.405924359659831	1083	7.20351273474928	8.79648726525082
28	WGN07	7.00000000000005	0.405924359659841	1083	6.20351273474926	7.79648726525084
29	WGN07	6.50000000000008	0.405924359659831	1083	5.70351273474931	7.29648726525085
30	WGN07	8.00000000000008	0.405924359659834	1083	7.2035127347493	8.79648726525086
31	WGN07	7.00000000000005	0.405924359659834	1083	6.20351273474927	7.79648726525083
32	WGN07	8.00000000000012	0.405924359659841	1083	7.20351273474933	8.79648726525092
33	WGN07	5.99999999999998	0.405924359659843	1083	5.20351273474918	6.79648726525078
34	WGN07	8.00000000000007	0.40592435965984	1083	7.20351273474928	8.79648726525087
35	WGN07	6.00000000000004	0.405924359659836	1083	5.20351273474926	6.79648726525082
36	WGN07	5.50000000000005	0.405924359659832	1083	4.70351273474927	6.29648726525083
37	WGN07	6.99999999999998	0.405924359659843	1083	6.20351273474918	7.79648726525077
38	WGN07	7.50000000000005	0.405924359659838	1083	6.70351273474927	8.29648726525084
39	WGN07	8.50000000000001	0.405924359659835	1083	7.70351273474922	9.29648726525079
40	WGN07	6.50000000000006	0.405924359659829	1083	5.70351273474929	7.29648726525083
41	WGN07	8.00000000000007	0.405924359659834	1083	7.20351273474929	8.79648726525085
42	WGN07	8.00000000000019	0.405924359659839	1083	7.2035127347494	8.79648726525098
44	WGN07	5.99999999999999	0.405924359659831	1083	5.20351273474922	6.79648726525076
46	WGN07	6.50000000000007	0.405924359659844	1083	5.70351273474928	7.29648726525087
47	WGN07	7.00000000000006	0.405924359659839	1083	6.20351273474927	7.79648726525085
48	WGN07	6.00000000000007	0.405924359659832	1083	5.20351273474929	6.79648726525084
49	WGN07	6.50000000000008	0.405924359659827	1083	5.70351273474932	7.29648726525085
50	WGN07	8.00000000000009	0.405924359659836	1083	7.20351273474931	8.79648726525088
51	WGN07	7.50000000000005	0.40592435965983	1083	6.70351273474927	8.29648726525082
52	WGN07	6.50000000000006	0.40592435965983	1083	5.70351273474928	7.29648726525083
53	WGN07	7.50000000000009	0.405924359659848	1083	6.70351273474928	8.29648726525089
54	WGN07	6.50000000000005	0.405924359659837	1083	5.70351273474927	7.29648726525084
55	WGN07	6.00000000000006	0.405924359659829	1083	5.20351273474929	6.79648726525083
56	WGN07	4.88514760147608	0.574196114237898	1083	3.75848475933914	6.01181044361303
57	WGN07	6.50000000000004	0.405924359659834	1083	5.70351273474926	7.29648726525082
58	WGN07	5.50000000000009	0.405924359659829	1083	4.70351273474932	6.29648726525086
59	WGN07	8.00000000000005	0.40592435965983	1083	7.20351273474927	8.79648726525082
60	WGN07	7.00000000000001	0.405924359659829	1083	6.20351273474924	7.79648726525078
61	WGN07	7.50000000000005	0.405924359659835	1083	6.70351273474927	8.29648726525083
63	WGN07	7.00000000000006	0.405924359659843	1083	6.20351273474927	7.79648726525086
64	WGN07	7.00000000000004	0.40592435965983	1083	6.20351273474926	7.79648726525081
66	WGN07	6.50000000000001	0.405924359659831	1083	5.70351273474923	7.29648726525078
67	WGN07	5.50000000000004	0.405924359659828	1083	4.70351273474928	6.29648726525081
68	WGN07	7.5	0.405924359659834	1083	6.70351273474922	8.29648726525078
69	WGN07	8.11485239852403	0.574196114237915	1083	6.98818955638706	9.24151524066101
71	WGN07	7.50000000000007	0.405924359659842	1083	6.70351273474928	8.29648726525087
73	WGN07	6.99999999999994	0.405924359659828	1083	6.20351273474917	7.79648726525071
74	WGN07	9.00000000000012	0.405924359659851	1083	8.2035127347493	9.79648726525093
75	WGN07	5.50000000000008	0.405924359659832	1083	4.7035127347493	6.29648726525086
76	WGN07	5.50000000000004	0.405924359659834	1083	4.70351273474925	6.29648726525082
77	WGN07	7.50000000000006	0.405924359659837	1083	6.70351273474927	8.29648726525084
78	WGN07	6.99999999999999	0.405924359659831	1083	6.20351273474922	7.79648726525077
79	WGN07	8.5000000000001	0.405924359659841	1083	7.7035127347493	9.29648726525089
80	WGN07	5.50000000000006	0.405924359659838	1083	4.70351273474927	6.29648726525085
81	WGN07	6.00000000000004	0.405924359659836	1083	5.20351273474926	6.79648726525083
82	WGN07	7.50000000000003	0.405924359659837	1083	6.70351273474924	8.29648726525081
83	WGN07	7.50000000000003	0.405924359659833	1083	6.70351273474925	8.29648726525081
84	WGN07	6.00000000000003	0.40592435965983	1083	5.20351273474926	6.79648726525081
85	WGN07	7.00000000000006	0.405924359659829	1083	6.20351273474929	7.79648726525083
86	WGN07	7.99999999999996	0.405924359659825	1083	7.2035127347492	8.79648726525072
87	WGN07	7.00000000000002	0.405924359659839	1083	6.20351273474922	7.79648726525081
88	WGN07	8	0.405924359659831	1083	7.20351273474923	8.79648726525078
89	WGN07	6.00000000000006	0.405924359659828	1083	5.20351273474929	6.79648726525083
90	WGN07	6.00000000000005	0.405924359659826	1083	5.20351273474928	6.79648726525081
91	WGN07	7.50000000000006	0.405924359659833	1083	6.70351273474928	8.29648726525084
92	WGN07	5.88514760147608	0.574196114237905	1083	4.75848475933912	7.01181044361304
93	WGN07	7.50000000000006	0.405924359659839	1083	6.70351273474927	8.29648726525085
94	WGN07	7.50000000000003	0.40592435965984	1083	6.70351273474924	8.29648726525082
95	WGN07	7.00000000000001	0.405924359659833	1083	6.20351273474924	7.79648726525079
96	WGN07	6.5	0.405924359659834	1083	5.70351273474922	7.29648726525078
98	WGN07	8.00000000000004	0.405924359659835	1083	7.20351273474926	8.79648726525082
99	WGN07	7.00000000000004	0.405924359659829	1083	6.20351273474927	7.79648726525081
100	WGN07	6.00000000000005	0.405924359659839	1083	5.20351273474926	6.79648726525084
101	WGN07	7.00000000000001	0.405924359659826	1083	6.20351273474924	7.79648726525077
102	WGN07	6.00000000000006	0.405924359659839	1083	5.20351273474927	6.79648726525085
103	WGN07	6.50000000000004	0.405924359659838	1083	5.70351273474926	7.29648726525083
104	WGN07	7.00000000000003	0.405924359659829	1083	6.20351273474926	7.7964872652508
105	WGN07	8.50000000000002	0.405924359659832	1083	7.70351273474925	9.2964872652508
106	WGN07	7.00000000000007	0.405924359659843	1083	6.20351273474927	7.79648726525087
107	WGN07	7.00000000000008	0.405924359659833	1083	6.2035127347493	7.79648726525086
108	WGN07	6.50000000000006	0.405924359659833	1083	5.70351273474928	7.29648726525084
109	WGN07	5.88514760147606	0.574196114237925	1083	4.75848475933906	7.01181044361306
110	WGN07	7.50000000000001	0.405924359659829	1083	6.70351273474924	8.29648726525078
112	WGN07	8	0.405924359659822	1083	7.20351273474925	8.79648726525076
113	WGN07	6.00000000000006	0.405924359659827	1083	5.2035127347493	6.79648726525083
114	WGN07	5.50000000000012	0.405924359659842	1083	4.70351273474933	6.29648726525092
115	WGN07	6.50000000000006	0.405924359659838	1083	5.70351273474928	7.29648726525085
116	WGN07	8.50000000000006	0.405924359659842	1083	7.70351273474927	9.29648726525086
117	WGN07	7.50000000000004	0.405924359659837	1083	6.70351273474925	8.29648726525082
118	WGN07	7.00000000000003	0.405924359659836	1083	6.20351273474925	7.79648726525082
119	WGN07	7.50000000000006	0.405924359659833	1083	6.70351273474928	8.29648726525084
120	WGN07	7.00000000000002	0.405924359659834	1083	6.20351273474924	7.7964872652508
121	WGN07	6.00000000000004	0.405924359659837	1083	5.20351273474925	6.79648726525083
122	WGN07	6.11485239852404	0.57419611423791	1083	4.98818955638707	7.241515240661
123	WGN07	6.5	0.405924359659839	1083	5.70351273474921	7.29648726525079
124	WGN07	8.00000000000008	0.405924359659833	1083	7.2035127347493	8.79648726525086
125	WGN07	6.00000000000009	0.405924359659828	1083	5.20351273474932	6.79648726525085
126	WGN07	5.5	0.40592435965983	1083	4.70351273474922	6.29648726525077
127	WGN07	7.00000000000005	0.405924359659834	1083	6.20351273474927	7.79648726525083
128	WGN07	6.00000000000006	0.405924359659835	1083	5.20351273474928	6.79648726525084
129	WGN07	7.50000000000005	0.405924359659833	1083	6.70351273474927	8.29648726525083
130	WGN07	6.00000000000004	0.405924359659835	1083	5.20351273474926	6.79648726525083
1	WGN15	5.99999999999972	0.405924359659795	1083	5.20351273474902	6.79648726525043
2	WGN15	5.00000000000008	0.40592435965983	1083	4.20351273474931	5.79648726525085
3	WGN15	6.00000000000005	0.405924359659836	1083	5.20351273474926	6.79648726525083
4	WGN15	6.00000000000006	0.40592435965983	1083	5.20351273474928	6.79648726525083
5	WGN15	6.50000000000008	0.405924359659839	1083	5.70351273474929	7.29648726525087
7	WGN15	5.50000000000006	0.405924359659834	1083	4.70351273474928	6.29648726525084
8	WGN15	6.00000000000006	0.405924359659833	1083	5.20351273474928	6.79648726525083
9	WGN15	6.50000000000005	0.40592435965983	1083	5.70351273474927	7.29648726525082
10	WGN15	6.00000000000007	0.405924359659838	1083	5.20351273474928	6.79648726525086
11	WGN15	6.00000000000006	0.405924359659833	1083	5.20351273474928	6.79648726525083
12	WGN15	6.00000000000005	0.405924359659831	1083	5.20351273474928	6.79648726525083
13	WGN15	6.00000000000007	0.405924359659834	1083	5.20351273474929	6.79648726525085
14	WGN15	6.00000000000006	0.405924359659835	1083	5.20351273474928	6.79648726525084
15	WGN15	5.50000000000007	0.405924359659836	1083	4.70351273474928	6.29648726525085
16	WGN15	6.00000000000006	0.405924359659833	1083	5.20351273474929	6.79648726525084
17	WGN15	6.00000000000007	0.405924359659835	1083	5.20351273474929	6.79648726525085
18	WGN15	6.00000000000007	0.405924359659835	1083	5.20351273474928	6.79648726525085
19	WGN15	6.50000000000006	0.405924359659835	1083	5.70351273474928	7.29648726525085
20	WGN15	6.00000000000006	0.405924359659839	1083	5.20351273474927	6.79648726525085
21	WGN15	6.00000000000006	0.405924359659833	1083	5.20351273474928	6.79648726525084
22	WGN15	6.00000000000006	0.405924359659839	1083	5.20351273474928	6.79648726525085
23	WGN15	8.50000000000004	0.405924359659832	1083	7.70351273474926	9.29648726525082
24	WGN15	6.00000000000007	0.405924359659836	1083	5.20351273474929	6.79648726525085
25	WGN15	7.00000000000008	0.405924359659835	1083	6.2035127347493	7.79648726525086
26	WGN15	5.00000000000003	0.405924359659837	1083	4.20351273474924	5.79648726525081
27	WGN15	6.00000000000006	0.405924359659834	1083	5.20351273474928	6.79648726525085
28	WGN15	7.00000000000013	0.40592435965984	1083	6.20351273474934	7.79648726525092
29	WGN15	7.00000000000009	0.405924359659837	1083	6.2035127347493	7.79648726525087
30	WGN15	6.00000000000007	0.405924359659837	1083	5.20351273474928	6.79648726525085
31	WGN15	6.00000000000006	0.405924359659839	1083	5.20351273474927	6.79648726525086
32	WGN15	6.00000000000006	0.405924359659835	1083	5.20351273474928	6.79648726525085
33	WGN15	5.50000000000006	0.405924359659834	1083	4.70351273474928	6.29648726525084
34	WGN15	6.00000000000004	0.405924359659835	1083	5.20351273474926	6.79648726525082
35	WGN15	7.00000000000006	0.405924359659833	1083	6.20351273474929	7.79648726525084
36	WGN15	6.00000000000007	0.405924359659841	1083	5.20351273474928	6.79648726525087
37	WGN15	6.00000000000004	0.405924359659835	1083	5.20351273474926	6.79648726525082
38	WGN15	6.00000000000005	0.405924359659832	1083	5.20351273474928	6.79648726525083
39	WGN15	6.00000000000007	0.405924359659839	1083	5.20351273474928	6.79648726525086
40	WGN15	6.00000000000008	0.405924359659829	1083	5.20351273474931	6.79648726525085
41	WGN15	6.00000000000012	0.405924359659837	1083	5.20351273474933	6.7964872652509
43	WGN15	6.50000000000012	0.405924359659842	1083	5.70351273474933	7.29648726525092
44	WGN15	6.0000000000001	0.405924359659837	1083	5.20351273474931	6.79648726525088
45	WGN15	6.00000000000007	0.405924359659837	1083	5.20351273474928	6.79648726525085
46	WGN15	6.00000000000008	0.405924359659836	1083	5.20351273474929	6.79648726525086
47	WGN15	6.00000000000011	0.40592435965985	1083	5.2035127347493	6.79648726525092
48	WGN15	5.50000000000007	0.405924359659832	1083	4.7035127347493	6.29648726525085
50	WGN15	7.00000000000006	0.405924359659833	1083	6.20351273474929	7.79648726525084
51	WGN15	5.50000000000004	0.405924359659835	1083	4.70351273474926	6.29648726525083
52	WGN15	5.50000000000007	0.405924359659833	1083	4.70351273474929	6.29648726525085
53	WGN15	6.00000000000008	0.405924359659839	1083	5.20351273474929	6.79648726525087
54	WGN15	6.00000000000006	0.405924359659837	1083	5.20351273474928	6.79648726525085
55	WGN15	6.00000000000008	0.405924359659833	1083	5.2035127347493	6.79648726525086
56	WGN15	6.00000000000006	0.405924359659834	1083	5.20351273474927	6.79648726525084
57	WGN15	6.00000000000007	0.405924359659839	1083	5.20351273474928	6.79648726525086
58	WGN15	6.00000000000009	0.40592435965984	1083	5.20351273474929	6.79648726525088
59	WGN15	5.50000000000006	0.405924359659835	1083	4.70351273474927	6.29648726525084
60	WGN15	6.50000000000004	0.405924359659832	1083	5.70351273474927	7.29648726525082
61	WGN15	7.00000000000008	0.405924359659843	1083	6.20351273474928	7.79648726525088
62	WGN15	6.00000000000006	0.405924359659838	1083	5.20351273474927	6.79648726525084
63	WGN15	6.00000000000001	0.40592435965983	1083	5.20351273474924	6.79648726525078
64	WGN15	5.50000000000008	0.405924359659837	1083	4.70351273474929	6.29648726525086
65	WGN15	6.00000000000007	0.405924359659833	1083	5.20351273474929	6.79648726525085
66	WGN15	5.49999999999999	0.405924359659837	1083	4.70351273474921	6.29648726525078
67	WGN15	6.00000000000011	0.405924359659837	1083	5.20351273474932	6.79648726525089
68	WGN15	5.50000000000012	0.405924359659832	1083	4.70351273474934	6.2964872652509
69	WGN15	6.00000000000009	0.405924359659834	1083	5.20351273474931	6.79648726525087
70	WGN15	5.50000000000009	0.405924359659834	1083	4.70351273474931	6.29648726525087
71	WGN15	6.00000000000004	0.405924359659836	1083	5.20351273474926	6.79648726525082
72	WGN15	6.00000000000009	0.405924359659831	1083	5.20351273474931	6.79648726525086
73	WGN15	6.00000000000004	0.405924359659831	1083	5.20351273474927	6.79648726525082
74	WGN15	6.00000000000007	0.405924359659836	1083	5.20351273474928	6.79648726525085
75	WGN15	6.00000000000006	0.405924359659839	1083	5.20351273474928	6.79648726525085
77	WGN15	5.50000000000003	0.405924359659832	1083	4.70351273474925	6.29648726525081
78	WGN15	6.00000000000007	0.405924359659834	1083	5.20351273474929	6.79648726525085
79	WGN15	5.00000000000004	0.405924359659837	1083	4.20351273474926	5.79648726525083
80	WGN15	6.00000000000006	0.405924359659831	1083	5.20351273474929	6.79648726525084
81	WGN15	5.49999999999996	0.405924359659846	1083	4.70351273474915	6.29648726525076
82	WGN15	6.00000000000003	0.40592435965984	1083	5.20351273474924	6.79648726525083
83	WGN15	6.00000000000006	0.405924359659835	1083	5.20351273474928	6.79648726525084
84	WGN15	7.50000000000007	0.405924359659836	1083	6.70351273474929	8.29648726525086
85	WGN15	6.50000000000007	0.405924359659823	1083	5.70351273474931	7.29648726525083
86	WGN15	6.00000000000008	0.405924359659832	1083	5.2035127347493	6.79648726525085
87	WGN15	6.00000000000008	0.405924359659833	1083	5.2035127347493	6.79648726525086
88	WGN15	6.00000000000006	0.405924359659834	1083	5.20351273474928	6.79648726525084
89	WGN15	6.00000000000006	0.405924359659828	1083	5.20351273474929	6.79648726525082
90	WGN15	7.50000000000002	0.405924359659831	1083	6.70351273474925	8.29648726525079
91	WGN15	6.00000000000007	0.405924359659835	1083	5.20351273474929	6.79648726525086
92	WGN15	6.00000000000005	0.405924359659831	1083	5.20351273474928	6.79648726525083
93	WGN15	6.00000000000007	0.40592435965983	1083	5.2035127347493	6.79648726525084
94	WGN15	6.00000000000009	0.40592435965983	1083	5.20351273474932	6.79648726525086
95	WGN15	6.00000000000013	0.405924359659836	1083	5.20351273474935	6.79648726525092
96	WGN15	5.11485239852406	0.574196114237911	1083	3.98818955638709	6.24151524066103
97	WGN15	5.50000000000007	0.405924359659833	1083	4.70351273474929	6.29648726525085
98	WGN15	6.00000000000007	0.405924359659833	1083	5.20351273474929	6.79648726525084
99	WGN15	7.88514760147609	0.574196114237911	1083	6.75848475933912	9.01181044361307
100	WGN15	6.00000000000009	0.40592435965984	1083	5.2035127347493	6.79648726525088
101	WGN15	6.00000000000006	0.40592435965983	1083	5.20351273474929	6.79648726525084
102	WGN15	6.00000000000006	0.405924359659837	1083	5.20351273474927	6.79648726525084
103	WGN15	6.00000000000006	0.405924359659835	1083	5.20351273474928	6.79648726525084
104	WGN15	5.50000000000007	0.405924359659832	1083	4.70351273474929	6.29648726525084
106	WGN15	6.00000000000012	0.405924359659824	1083	5.20351273474936	6.79648726525088
107	WGN15	6.00000000000003	0.405924359659838	1083	5.20351273474924	6.79648726525082
108	WGN15	6.00000000000007	0.405924359659836	1083	5.20351273474929	6.79648726525085
109	WGN15	7.00000000000006	0.405924359659837	1083	6.20351273474927	7.79648726525084
110	WGN15	6.00000000000006	0.405924359659833	1083	5.20351273474928	6.79648726525084
111	WGN15	6.00000000000006	0.405924359659823	1083	5.2035127347493	6.79648726525082
112	WGN15	6.00000000000007	0.40592435965983	1083	5.2035127347493	6.79648726525084
113	WGN15	6.00000000000009	0.405924359659828	1083	5.20351273474932	6.79648726525086
114	WGN15	6.00000000000008	0.405924359659836	1083	5.20351273474929	6.79648726525086
115	WGN15	6.00000000000006	0.405924359659837	1083	5.20351273474927	6.79648726525084
116	WGN15	6	0.405924359659831	1083	5.20351273474923	6.79648726525078
117	WGN15	7.00000000000002	0.40592435965983	1083	6.20351273474925	7.7964872652508
118	WGN15	6.00000000000007	0.405924359659832	1083	5.20351273474929	6.79648726525084
119	WGN15	6.00000000000006	0.405924359659836	1083	5.20351273474928	6.79648726525085
120	WGN15	6.00000000000008	0.405924359659834	1083	5.2035127347493	6.79648726525086
121	WGN15	5.50000000000008	0.405924359659838	1083	4.70351273474929	6.29648726525086
122	WGN15	6.00000000000006	0.405924359659834	1083	5.20351273474928	6.79648726525083
123	WGN15	6.00000000000007	0.405924359659834	1083	5.20351273474929	6.79648726525085
124	WGN15	6.00000000000007	0.405924359659835	1083	5.20351273474929	6.79648726525085
125	WGN15	6.00000000000003	0.405924359659837	1083	5.20351273474924	6.79648726525081
126	WGN15	6.00000000000008	0.405924359659837	1083	5.2035127347493	6.79648726525087
127	WGN15	6.00000000000008	0.405924359659833	1083	5.2035127347493	6.79648726525086
128	WGN15	7.00000000000007	0.405924359659838	1083	6.20351273474928	7.79648726525086
129	WGN15	6.00000000000004	0.405924359659836	1083	5.20351273474926	6.79648726525082
130	WGN15	6.00000000000009	0.40592435965984	1083	5.2035127347493	6.79648726525088
1	WGN26	4.99999999999998	0.405924359659852	1083	4.20351273474916	5.7964872652508
3	WGN26	6.50000000000003	0.405924359659829	1083	5.70351273474926	7.2964872652508
4	WGN26	6.00000000000002	0.405924359659842	1083	5.20351273474923	6.79648726525082
5	WGN26	6.99999999999997	0.405924359659828	1083	6.2035127347492	7.79648726525074
6	WGN26	6.00000000000006	0.405924359659838	1083	5.20351273474928	6.79648726525085
7	WGN26	6.00000000000007	0.405924359659839	1083	5.20351273474928	6.79648726525086
8	WGN26	5.99999999999999	0.405924359659825	1083	5.20351273474923	6.79648726525076
9	WGN26	5.50000000000012	0.405924359659849	1083	4.70351273474931	6.29648726525093
10	WGN26	6.00000000000001	0.40592435965983	1083	5.20351273474923	6.79648726525078
11	WGN26	6.50000000000003	0.405924359659833	1083	5.70351273474926	7.29648726525081
12	WGN26	6.00000000000005	0.405924359659835	1083	5.20351273474927	6.79648726525083
13	WGN26	6.00000000000002	0.405924359659836	1083	5.20351273474924	6.79648726525081
14	WGN26	5.50000000000004	0.405924359659838	1083	4.70351273474925	6.29648726525083
15	WGN26	7.50000000000003	0.405924359659832	1083	6.70351273474925	8.2964872652508
17	WGN26	6.50000000000011	0.40592435965984	1083	5.70351273474932	7.29648726525091
18	WGN26	8.00000000000003	0.405924359659835	1083	7.20351273474924	8.79648726525081
19	WGN26	6.99999999999999	0.405924359659832	1083	6.20351273474922	7.79648726525077
20	WGN26	6.11485239852407	0.574196114237912	1083	4.98818955638709	7.24151524066104
21	WGN26	6.00000000000013	0.405924359659846	1083	5.20351273474932	6.79648726525093
22	WGN26	6.50000000000008	0.405924359659834	1083	5.7035127347493	7.29648726525086
23	WGN26	7.00000000000005	0.405924359659832	1083	6.20351273474927	7.79648726525082
24	WGN26	5.99999999999997	0.405924359659826	1083	5.20351273474921	6.79648726525074
25	WGN26	6.0000000000001	0.405924359659838	1083	5.20351273474931	6.79648726525089
26	WGN26	6.00000000000005	0.405924359659835	1083	5.20351273474926	6.79648726525083
27	WGN26	5.00000000000001	0.405924359659833	1083	4.20351273474924	5.79648726525079
28	WGN26	6	0.40592435965983	1083	5.20351273474922	6.79648726525077
29	WGN26	6.00000000000004	0.405924359659836	1083	5.20351273474926	6.79648726525083
30	WGN26	6.50000000000006	0.405924359659837	1083	5.70351273474928	7.29648726525085
31	WGN26	7.50000000000007	0.405924359659836	1083	6.70351273474929	8.29648726525086
32	WGN26	6.00000000000006	0.405924359659831	1083	5.20351273474928	6.79648726525083
33	WGN26	5.88514760147604	0.574196114237904	1083	4.75848475933908	7.01181044361299
34	WGN26	7.49999999999997	0.405924359659828	1083	6.7035127347492	8.29648726525074
35	WGN26	6.50000000000003	0.405924359659832	1083	5.70351273474926	7.29648726525081
36	WGN26	6.50000000000008	0.405924359659837	1083	5.7035127347493	7.29648726525087
38	WGN26	6.00000000000005	0.40592435965984	1083	5.20351273474926	6.79648726525085
39	WGN26	6.99999999999999	0.405924359659831	1083	6.20351273474921	7.79648726525076
40	WGN26	6.00000000000007	0.405924359659836	1083	5.20351273474929	6.79648726525086
41	WGN26	6.0000000000001	0.405924359659836	1083	5.20351273474932	6.79648726525088
42	WGN26	7.99999999999997	0.405924359659829	1083	7.2035127347492	8.79648726525074
43	WGN26	6.5000000000001	0.405924359659842	1083	5.7035127347493	7.29648726525089
44	WGN26	8.00000000000001	0.405924359659831	1083	7.20351273474924	8.79648726525079
45	WGN26	6.00000000000008	0.405924359659836	1083	5.20351273474929	6.79648726525086
46	WGN26	6.00000000000008	0.405924359659841	1083	5.20351273474929	6.79648726525088
47	WGN26	5.50000000000006	0.405924359659841	1083	4.70351273474927	6.29648726525086
48	WGN26	6.00000000000006	0.405924359659836	1083	5.20351273474928	6.79648726525085
49	WGN26	6.00000000000009	0.40592435965984	1083	5.2035127347493	6.79648726525088
50	WGN26	8.00000000000005	0.405924359659834	1083	7.20351273474927	8.79648726525083
51	WGN26	7.00000000000001	0.405924359659832	1083	6.20351273474924	7.79648726525079
52	WGN26	6.5000000000001	0.405924359659841	1083	5.70351273474931	7.29648726525089
53	WGN26	6.00000000000006	0.405924359659837	1083	5.20351273474927	6.79648726525084
54	WGN26	6.00000000000004	0.405924359659833	1083	5.20351273474926	6.79648726525082
55	WGN26	8.00000000000007	0.405924359659835	1083	7.20351273474929	8.79648726525085
56	WGN26	6.00000000000009	0.405924359659838	1083	5.2035127347493	6.79648726525087
57	WGN26	6.00000000000002	0.405924359659827	1083	5.20351273474926	6.79648726525079
58	WGN26	6.00000000000006	0.405924359659836	1083	5.20351273474927	6.79648726525084
59	WGN26	6.88514760147609	0.574196114237919	1083	5.7584847593391	8.01181044361307
60	WGN26	6.50000000000006	0.405924359659834	1083	5.70351273474928	7.29648726525084
61	WGN26	6.11485239852401	0.574196114237916	1083	4.98818955638703	7.24151524066099
62	WGN26	6.00000000000003	0.405924359659833	1083	5.20351273474925	6.79648726525081
64	WGN26	6.00000000000008	0.405924359659838	1083	5.20351273474929	6.79648726525087
65	WGN26	4.88514760147605	0.574196114237919	1083	3.75848475933906	6.01181044361303
66	WGN26	6	0.405924359659836	1083	5.20351273474921	6.79648726525078
67	WGN26	5.50000000000004	0.405924359659836	1083	4.70351273474925	6.29648726525082
68	WGN26	6.00000000000005	0.405924359659834	1083	5.20351273474926	6.79648726525083
69	WGN26	6.50000000000003	0.405924359659833	1083	5.70351273474926	7.29648726525081
70	WGN26	6.50000000000002	0.405924359659833	1083	5.70351273474924	7.2964872652508
71	WGN26	5.50000000000009	0.405924359659838	1083	4.7035127347493	6.29648726525088
72	WGN26	6.00000000000008	0.405924359659842	1083	5.20351273474928	6.79648726525087
73	WGN26	6.5	0.405924359659836	1083	5.70351273474921	7.29648726525078
74	WGN26	6.00000000000005	0.405924359659834	1083	5.20351273474927	6.79648726525083
75	WGN26	7.00000000000002	0.40592435965983	1083	6.20351273474925	7.7964872652508
76	WGN26	6.11485239852404	0.574196114237924	1083	4.98818955638704	7.24151524066103
77	WGN26	6.00000000000004	0.405924359659835	1083	5.20351273474926	6.79648726525082
78	WGN26	7.00000000000004	0.405924359659834	1083	6.20351273474926	7.79648726525082
79	WGN26	6.50000000000006	0.405924359659837	1083	5.70351273474928	7.29648726525085
80	WGN26	6.00000000000007	0.405924359659836	1083	5.20351273474929	6.79648726525086
81	WGN26	6.00000000000006	0.405924359659839	1083	5.20351273474927	6.79648726525085
82	WGN26	6.50000000000006	0.405924359659837	1083	5.70351273474928	7.29648726525085
83	WGN26	6.00000000000006	0.405924359659834	1083	5.20351273474927	6.79648726525084
85	WGN26	6.50000000000008	0.405924359659838	1083	5.70351273474929	7.29648726525087
86	WGN26	5.0000000000001	0.405924359659837	1083	4.20351273474932	5.79648726525089
87	WGN26	7.50000000000002	0.405924359659833	1083	6.70351273474925	8.2964872652508
88	WGN26	5.00000000000006	0.405924359659838	1083	4.20351273474927	5.79648726525085
89	WGN26	8.00000000000006	0.405924359659834	1083	7.20351273474927	8.79648726525084
90	WGN26	6.00000000000009	0.405924359659843	1083	5.20351273474929	6.79648726525089
91	WGN26	6.00000000000005	0.405924359659838	1083	5.20351273474927	6.79648726525084
92	WGN26	6.00000000000003	0.405924359659834	1083	5.20351273474925	6.79648726525081
93	WGN26	6.00000000000005	0.405924359659836	1083	5.20351273474926	6.79648726525083
94	WGN26	6.50000000000005	0.405924359659834	1083	5.70351273474927	7.29648726525083
95	WGN26	6.50000000000002	0.405924359659829	1083	5.70351273474925	7.29648726525079
96	WGN26	5.50000000000005	0.405924359659838	1083	4.70351273474926	6.29648726525084
97	WGN26	6.00000000000005	0.405924359659831	1083	5.20351273474927	6.79648726525082
98	WGN26	5.00000000000004	0.405924359659833	1083	4.20351273474926	5.79648726525082
99	WGN26	6.00000000000003	0.405924359659836	1083	5.20351273474925	6.79648726525082
100	WGN26	6.00000000000003	0.405924359659837	1083	5.20351273474925	6.79648726525082
101	WGN26	5.50000000000005	0.405924359659835	1083	4.70351273474927	6.29648726525083
102	WGN26	5.50000000000006	0.405924359659834	1083	4.70351273474928	6.29648726525084
103	WGN26	6.00000000000007	0.405924359659841	1083	5.20351273474928	6.79648726525087
104	WGN26	5.00000000000008	0.405924359659836	1083	4.2035127347493	5.79648726525086
105	WGN26	7.50000000000002	0.405924359659832	1083	6.70351273474924	8.29648726525079
106	WGN26	5.88514760147608	0.574196114237915	1083	4.7584847593391	7.01181044361305
108	WGN26	7.11485239852404	0.57419611423792	1083	5.98818955638705	8.24151524066103
109	WGN26	6.50000000000003	0.405924359659833	1083	5.70351273474925	7.29648726525081
111	WGN26	7.00000000000004	0.405924359659834	1083	6.20351273474926	7.79648726525082
112	WGN26	6.00000000000006	0.405924359659835	1083	5.20351273474927	6.79648726525084
113	WGN26	6.00000000000007	0.405924359659833	1083	5.20351273474929	6.79648726525085
114	WGN26	5.88514760147608	0.574196114237922	1083	4.75848475933909	7.01181044361307
115	WGN26	6.00000000000006	0.405924359659831	1083	5.20351273474928	6.79648726525083
116	WGN26	4.88514760147606	0.574196114237908	1083	3.7584847593391	6.01181044361303
117	WGN26	6.00000000000008	0.405924359659837	1083	5.20351273474929	6.79648726525087
118	WGN26	6.00000000000007	0.405924359659838	1083	5.20351273474928	6.79648726525085
119	WGN26	6.00000000000008	0.405924359659836	1083	5.2035127347493	6.79648726525087
120	WGN26	6.00000000000006	0.405924359659837	1083	5.20351273474927	6.79648726525084
121	WGN26	7.50000000000008	0.405924359659834	1083	6.7035127347493	8.29648726525086
122	WGN26	6.50000000000009	0.405924359659837	1083	5.7035127347493	7.29648726525087
123	WGN26	6.00000000000006	0.405924359659836	1083	5.20351273474928	6.79648726525084
124	WGN26	5.11485239852404	0.574196114237919	1083	3.98818955638705	6.24151524066102
125	WGN26	9.11485239852404	0.574196114237914	1083	7.98818955638707	10.241515240661
126	WGN26	4.88514760147605	0.574196114237918	1083	3.75848475933906	6.01181044361303
127	WGN26	6.50000000000007	0.405924359659839	1083	5.70351273474928	7.29648726525086
128	WGN26	7.88514760147608	0.574196114237924	1083	6.75848475933908	9.01181044361308
129	WGN26	5.00000000000004	0.405924359659836	1083	4.20351273474925	5.79648726525082
130	WGN26	7.00000000000006	0.405924359659835	1083	6.20351273474927	7.79648726525084
1	WGN36	7.88514760147594	0.57419611423792	1083	6.75848475933896	9.01181044361293
2	WGN36	7.00000000000005	0.405924359659833	1083	6.20351273474927	7.79648726525083
4	WGN36	6.00000000000001	0.405924359659846	1083	5.2035127347492	6.79648726525081
5	WGN36	7.00000000000005	0.405924359659834	1083	6.20351273474927	7.79648726525083
6	WGN36	6.5000000000001	0.40592435965983	1083	5.70351273474933	7.29648726525087
7	WGN36	6.00000000000011	0.405924359659832	1083	5.20351273474933	6.79648726525088
8	WGN36	8.00000000000007	0.405924359659841	1083	7.20351273474928	8.79648726525087
9	WGN36	6.11485239852413	0.574196114237905	1083	4.98818955638717	7.24151524066109
10	WGN36	6.50000000000007	0.405924359659837	1083	5.70351273474929	7.29648726525086
11	WGN36	6.11485239852403	0.574196114237918	1083	4.98818955638705	7.24151524066101
12	WGN36	7.00000000000007	0.405924359659837	1083	6.20351273474929	7.79648726525086
13	WGN36	8.50000000000002	0.405924359659825	1083	7.70351273474926	9.29648726525078
14	WGN36	6.00000000000012	0.405924359659828	1083	5.20351273474935	6.79648726525089
15	WGN36	8.50000000000004	0.405924359659838	1083	7.70351273474925	9.29648726525083
16	WGN36	6.00000000000007	0.405924359659834	1083	5.20351273474929	6.79648726525085
17	WGN36	7.00000000000007	0.405924359659836	1083	6.20351273474929	7.79648726525085
18	WGN36	8.11485239852407	0.574196114237928	1083	6.98818955638707	9.24151524066107
19	WGN36	6.00000000000006	0.405924359659837	1083	5.20351273474928	6.79648726525085
20	WGN36	6.00000000000008	0.405924359659835	1083	5.20351273474929	6.79648726525086
21	WGN36	6.5000000000001	0.405924359659829	1083	5.70351273474932	7.29648726525087
22	WGN36	7.00000000000003	0.40592435965984	1083	6.20351273474923	7.79648726525082
23	WGN36	7.50000000000009	0.405924359659837	1083	6.7035127347493	8.29648726525087
24	WGN36	7.00000000000006	0.405924359659834	1083	6.20351273474928	7.79648726525083
26	WGN36	7.50000000000007	0.405924359659829	1083	6.7035127347493	8.29648726525084
27	WGN36	6.00000000000001	0.405924359659836	1083	5.20351273474923	6.79648726525079
28	WGN36	6.00000000000002	0.405924359659841	1083	5.20351273474922	6.79648726525081
30	WGN36	8.88514760147613	0.574196114237921	1083	7.75848475933914	10.0118104436131
31	WGN36	7.00000000000009	0.405924359659832	1083	6.20351273474932	7.79648726525087
32	WGN36	8.11485239852404	0.574196114237913	1083	6.98818955638707	9.24151524066102
33	WGN36	6.00000000000011	0.405924359659832	1083	5.20351273474933	6.79648726525088
34	WGN36	7.00000000000007	0.405924359659832	1083	6.2035127347493	7.79648726525085
35	WGN36	7.00000000000013	0.40592435965983	1083	6.20351273474936	7.7964872652509
36	WGN36	7.00000000000007	0.405924359659833	1083	6.2035127347493	7.79648726525085
37	WGN36	7.8851476014761	0.574196114237926	1083	6.7584847593391	9.0118104436131
38	WGN36	5.88514760147611	0.574196114237913	1083	4.75848475933914	7.01181044361309
39	WGN36	7.00000000000008	0.405924359659834	1083	6.2035127347493	7.79648726525086
40	WGN36	5.50000000000008	0.405924359659834	1083	4.7035127347493	6.29648726525086
41	WGN36	8.0000000000001	0.405924359659833	1083	7.20351273474932	8.79648726525088
42	WGN36	7.00000000000009	0.405924359659836	1083	6.20351273474931	7.79648726525088
43	WGN36	8.88514760147604	0.574196114237911	1083	7.75848475933907	10.011810443613
44	WGN36	6.50000000000007	0.405924359659839	1083	5.70351273474928	7.29648726525086
45	WGN36	6.00000000000006	0.405924359659835	1083	5.20351273474927	6.79648726525084
46	WGN36	8.50000000000009	0.405924359659832	1083	7.70351273474931	9.29648726525086
47	WGN36	8.00000000000008	0.40592435965983	1083	7.2035127347493	8.79648726525085
48	WGN36	7.00000000000009	0.40592435965983	1083	6.20351273474932	7.79648726525087
49	WGN36	7.50000000000005	0.405924359659835	1083	6.70351273474927	8.29648726525083
51	WGN36	8.00000000000009	0.405924359659834	1083	7.20351273474931	8.79648726525087
52	WGN36	6.50000000000008	0.405924359659832	1083	5.70351273474931	7.29648726525086
53	WGN36	6.00000000000007	0.405924359659835	1083	5.20351273474929	6.79648726525086
54	WGN36	6.50000000000007	0.405924359659835	1083	5.70351273474929	7.29648726525085
55	WGN36	7.50000000000009	0.405924359659829	1083	6.70351273474932	8.29648726525086
56	WGN36	7.50000000000005	0.40592435965984	1083	6.70351273474926	8.29648726525085
58	WGN36	7.5000000000001	0.405924359659831	1083	6.70351273474932	8.29648726525087
59	WGN36	7.50000000000008	0.405924359659832	1083	6.7035127347493	8.29648726525086
60	WGN36	7.50000000000007	0.405924359659834	1083	6.70351273474929	8.29648726525085
62	WGN36	6.50000000000006	0.405924359659837	1083	5.70351273474927	7.29648726525084
64	WGN36	7.00000000000008	0.405924359659832	1083	6.2035127347493	7.79648726525085
65	WGN36	8.00000000000007	0.405924359659833	1083	7.20351273474929	8.79648726525085
66	WGN36	6.00000000000008	0.405924359659834	1083	5.2035127347493	6.79648726525086
68	WGN36	6.00000000000008	0.405924359659833	1083	5.2035127347493	6.79648726525085
69	WGN36	7.11485239852406	0.574196114237915	1083	5.98818955638708	8.24151524066104
70	WGN36	7.50000000000009	0.405924359659835	1083	6.70351273474931	8.29648726525088
71	WGN36	6.00000000000007	0.405924359659835	1083	5.20351273474929	6.79648726525086
72	WGN36	8.00000000000008	0.40592435965983	1083	7.20351273474931	8.79648726525086
74	WGN36	9.11485239852403	0.574196114237919	1083	7.98818955638705	10.241515240661
75	WGN36	6.11485239852406	0.574196114237916	1083	4.98818955638708	7.24151524066104
76	WGN36	6.0000000000001	0.405924359659832	1083	5.20351273474933	6.79648726525088
77	WGN36	6.00000000000008	0.405924359659832	1083	5.20351273474931	6.79648726525086
78	WGN36	7.88514760147608	0.574196114237918	1083	6.7584847593391	9.01181044361307
79	WGN36	6.00000000000007	0.405924359659836	1083	5.20351273474929	6.79648726525085
80	WGN36	5.8851476014761	0.574196114237915	1083	4.75848475933913	7.01181044361308
81	WGN36	8.11485239852406	0.574196114237918	1083	6.98818955638707	9.24151524066104
82	WGN36	6.00000000000007	0.405924359659834	1083	5.20351273474929	6.79648726525085
83	WGN36	7.50000000000008	0.405924359659832	1083	6.7035127347493	8.29648726525086
84	WGN36	7.0000000000001	0.405924359659833	1083	6.20351273474933	7.79648726525088
85	WGN36	6.00000000000008	0.405924359659836	1083	5.20351273474929	6.79648726525086
86	WGN36	7.00000000000007	0.405924359659834	1083	6.20351273474929	7.79648726525085
87	WGN36	5.00000000000007	0.405924359659835	1083	4.20351273474929	5.79648726525085
88	WGN36	7.00000000000008	0.405924359659832	1083	6.2035127347493	7.79648726525085
89	WGN36	6.00000000000006	0.405924359659835	1083	5.20351273474928	6.79648726525084
90	WGN36	7.0000000000001	0.40592435965983	1083	6.20351273474933	7.79648726525088
92	WGN36	7.00000000000009	0.405924359659831	1083	6.20351273474931	7.79648726525086
93	WGN36	6.11485239852406	0.574196114237916	1083	4.98818955638708	7.24151524066104
94	WGN36	7.00000000000007	0.405924359659836	1083	6.20351273474928	7.79648726525085
95	WGN36	5.50000000000009	0.405924359659835	1083	4.7035127347493	6.29648726525087
96	WGN36	8.8851476014761	0.574196114237913	1083	7.75848475933912	10.0118104436131
97	WGN36	8.00000000000007	0.405924359659835	1083	7.20351273474929	8.79648726525085
98	WGN36	6.50000000000006	0.405924359659834	1083	5.70351273474928	7.29648726525084
99	WGN36	5.50000000000008	0.405924359659835	1083	4.7035127347493	6.29648726525086
100	WGN36	6.0000000000001	0.405924359659832	1083	5.20351273474932	6.79648726525087
102	WGN36	5.88514760147612	0.574196114237913	1083	4.75848475933914	7.01181044361309
104	WGN36	6.00000000000008	0.405924359659833	1083	5.2035127347493	6.79648726525086
105	WGN36	6.11485239852407	0.574196114237916	1083	4.98818955638709	7.24151524066105
106	WGN36	5.0000000000001	0.405924359659834	1083	4.20351273474932	5.79648726525088
107	WGN36	6.00000000000008	0.405924359659835	1083	5.2035127347493	6.79648726525087
108	WGN36	5.50000000000007	0.405924359659834	1083	4.70351273474929	6.29648726525085
109	WGN36	8.00000000000009	0.405924359659834	1083	7.20351273474931	8.79648726525087
110	WGN36	7.5000000000001	0.405924359659833	1083	6.70351273474932	8.29648726525088
112	WGN36	7.50000000000008	0.405924359659833	1083	6.7035127347493	8.29648726525086
114	WGN36	6.00000000000009	0.405924359659833	1083	5.20351273474931	6.79648726525087
116	WGN36	5.88514760147609	0.574196114237919	1083	4.7584847593391	7.01181044361307
117	WGN36	6.00000000000007	0.405924359659836	1083	5.20351273474929	6.79648726525086
118	WGN36	6.00000000000009	0.405924359659832	1083	5.20351273474931	6.79648726525086
119	WGN36	6.11485239852407	0.574196114237914	1083	4.9881895563871	7.24151524066105
120	WGN36	7.50000000000009	0.405924359659835	1083	6.7035127347493	8.29648726525087
121	WGN36	7.00000000000008	0.405924359659835	1083	6.2035127347493	7.79648726525086
122	WGN36	7.88514760147612	0.574196114237917	1083	6.75848475933913	9.0118104436131
123	WGN36	8.88514760147611	0.574196114237916	1083	7.75848475933913	10.0118104436131
124	WGN36	7.50000000000009	0.405924359659834	1083	6.70351273474931	8.29648726525087
125	WGN36	6.00000000000009	0.405924359659834	1083	5.20351273474931	6.79648726525087
126	WGN36	7.00000000000009	0.405924359659833	1083	6.20351273474931	7.79648726525087
127	WGN36	7.00000000000008	0.405924359659833	1083	6.2035127347493	7.79648726525086
128	WGN36	6.50000000000008	0.405924359659834	1083	5.7035127347493	7.29648726525086
129	WGN36	5.50000000000008	0.405924359659834	1083	4.7035127347493	6.29648726525086
130	WGN36	7.88514760147608	0.574196114237914	1083	6.7584847593391	9.01181044361305
1	WGN38	5.50000000000012	0.405924359659822	1083	4.70351273474937	6.29648726525088
2	WGN38	8.00000000000018	0.405924359659835	1083	7.2035127347494	8.79648726525096
3	WGN38	6.11485239852404	0.57419611423791	1083	4.98818955638707	7.24151524066101
4	WGN38	5.50000000000008	0.405924359659844	1083	4.70351273474928	6.29648726525088
5	WGN38	8.50000000000027	0.405924359659844	1083	7.70351273474947	9.29648726525107
6	WGN38	6.00000000000011	0.405924359659832	1083	5.20351273474933	6.79648726525089
7	WGN38	7.50000000000005	0.405924359659833	1083	6.70351273474927	8.29648726525083
8	WGN38	6.00000000000012	0.405924359659829	1083	5.20351273474935	6.79648726525089
10	WGN38	7.00000000000005	0.405924359659831	1083	6.20351273474928	7.79648726525083
11	WGN38	6.50000000000007	0.405924359659839	1083	5.70351273474928	7.29648726525086
12	WGN38	5.50000000000014	0.405924359659838	1083	4.70351273474935	6.29648726525093
13	WGN38	7.50000000000015	0.40592435965984	1083	6.70351273474935	8.29648726525094
14	WGN38	7.00000000000018	0.405924359659829	1083	6.20351273474941	7.79648726525095
16	WGN38	6.00000000000009	0.405924359659841	1083	5.20351273474929	6.79648726525088
18	WGN38	7.00000000000005	0.40592435965983	1083	6.20351273474928	7.79648726525082
19	WGN38	6.00000000000008	0.40592435965984	1083	5.20351273474928	6.79648726525087
20	WGN38	7.5000000000001	0.405924359659833	1083	6.70351273474933	8.29648726525088
21	WGN38	7.00000000000012	0.405924359659842	1083	6.20351273474932	7.79648726525091
22	WGN38	6.50000000000012	0.405924359659828	1083	5.70351273474935	7.29648726525088
23	WGN38	8.00000000000011	0.405924359659838	1083	7.20351273474932	8.79648726525089
24	WGN38	5.5000000000001	0.405924359659838	1083	4.70351273474931	6.29648726525089
26	WGN38	8.00000000000004	0.40592435965983	1083	7.20351273474927	8.79648726525082
27	WGN38	6.00000000000012	0.405924359659831	1083	5.20351273474934	6.79648726525089
28	WGN38	9.00000000000023	0.405924359659842	1083	8.20351273474944	9.79648726525103
29	WGN38	8.00000000000015	0.405924359659838	1083	7.20351273474936	8.79648726525094
30	WGN38	6.50000000000003	0.405924359659825	1083	5.70351273474927	7.29648726525079
32	WGN38	5.50000000000009	0.405924359659836	1083	4.70351273474931	6.29648726525087
33	WGN38	7.00000000000009	0.405924359659832	1083	6.20351273474931	7.79648726525086
34	WGN38	6.00000000000004	0.405924359659826	1083	5.20351273474928	6.79648726525081
35	WGN38	6.00000000000011	0.405924359659839	1083	5.20351273474932	6.7964872652509
36	WGN38	6.00000000000011	0.40592435965984	1083	5.20351273474932	6.79648726525091
37	WGN38	6.00000000000006	0.40592435965983	1083	5.20351273474928	6.79648726525083
38	WGN38	8.50000000000015	0.405924359659838	1083	7.70351273474936	9.29648726525094
39	WGN38	7.50000000000006	0.405924359659833	1083	6.70351273474929	8.29648726525084
40	WGN38	6.0000000000001	0.405924359659843	1083	5.20351273474931	6.7964872652509
41	WGN38	7.50000000000007	0.405924359659832	1083	6.70351273474929	8.29648726525085
42	WGN38	6.00000000000007	0.405924359659829	1083	5.2035127347493	6.79648726525084
45	WGN38	8.00000000000016	0.405924359659838	1083	7.20351273474938	8.79648726525095
46	WGN38	6.5000000000001	0.405924359659834	1083	5.70351273474933	7.29648726525088
47	WGN38	8.00000000000006	0.405924359659832	1083	7.20351273474928	8.79648726525083
48	WGN38	8.50000000000011	0.405924359659836	1083	7.70351273474933	9.2964872652509
49	WGN38	8.00000000000016	0.40592435965984	1083	7.20351273474937	8.79648726525095
50	WGN38	7.0000000000001	0.405924359659834	1083	6.20351273474932	7.79648726525088
51	WGN38	7.00000000000014	0.40592435965984	1083	6.20351273474935	7.79648726525093
52	WGN38	6.00000000000008	0.405924359659835	1083	5.2035127347493	6.79648726525087
53	WGN38	7.50000000000017	0.405924359659842	1083	6.70351273474938	8.29648726525097
54	WGN38	6.50000000000012	0.405924359659838	1083	5.70351273474934	7.29648726525091
55	WGN38	7.11485239852406	0.574196114237913	1083	5.98818955638708	8.24151524066103
56	WGN38	5.50000000000009	0.405924359659836	1083	4.70351273474931	6.29648726525088
59	WGN38	8.00000000000003	0.405924359659832	1083	7.20351273474926	8.79648726525081
61	WGN38	6.00000000000009	0.405924359659832	1083	5.20351273474931	6.79648726525086
63	WGN38	8.00000000000012	0.405924359659836	1083	7.20351273474934	8.7964872652509
64	WGN38	6.00000000000006	0.405924359659831	1083	5.20351273474929	6.79648726525084
65	WGN38	8.0000000000001	0.405924359659837	1083	7.20351273474931	8.79648726525088
66	WGN38	6.50000000000009	0.405924359659832	1083	5.70351273474931	7.29648726525086
67	WGN38	8.50000000000011	0.405924359659835	1083	7.70351273474933	9.29648726525089
68	WGN38	5.50000000000012	0.405924359659834	1083	4.70351273474934	6.29648726525089
69	WGN38	5.00000000000016	0.405924359659833	1083	4.20351273474938	5.79648726525094
70	WGN38	7.00000000000013	0.405924359659837	1083	6.20351273474934	7.79648726525091
72	WGN38	7.00000000000007	0.405924359659833	1083	6.20351273474929	7.79648726525084
73	WGN38	8.88514760147613	0.574196114237919	1083	7.75848475933914	10.0118104436131
74	WGN38	6.5000000000001	0.405924359659833	1083	5.70351273474933	7.29648726525088
76	WGN38	7.50000000000009	0.405924359659837	1083	6.7035127347493	8.29648726525088
77	WGN38	8.50000000000011	0.405924359659835	1083	7.70351273474933	9.2964872652509
78	WGN38	5.50000000000008	0.405924359659837	1083	4.7035127347493	6.29648726525087
80	WGN38	8.00000000000012	0.405924359659836	1083	7.20351273474933	8.7964872652509
81	WGN38	9.00000000000009	0.405924359659835	1083	8.2035127347493	9.79648726525087
82	WGN38	8.50000000000011	0.405924359659836	1083	7.70351273474932	9.29648726525089
83	WGN38	6.00000000000009	0.405924359659831	1083	5.20351273474932	6.79648726525087
84	WGN38	6.00000000000006	0.405924359659834	1083	5.20351273474929	6.79648726525084
85	WGN38	6.1148523985241	0.574196114237922	1083	4.98818955638711	7.24151524066109
86	WGN38	6.50000000000009	0.405924359659835	1083	5.70351273474931	7.29648726525087
87	WGN38	5.50000000000009	0.405924359659833	1083	4.70351273474931	6.29648726525086
88	WGN38	6.0000000000001	0.405924359659838	1083	5.20351273474932	6.79648726525089
89	WGN38	8.50000000000008	0.405924359659834	1083	7.7035127347493	9.29648726525086
90	WGN38	8.5000000000001	0.405924359659836	1083	7.70351273474931	9.29648726525088
91	WGN38	8.0000000000001	0.405924359659836	1083	7.20351273474932	8.79648726525089
92	WGN38	6.00000000000009	0.405924359659835	1083	5.20351273474931	6.79648726525087
93	WGN38	7.0000000000001	0.405924359659836	1083	6.20351273474932	7.79648726525089
94	WGN38	8.00000000000006	0.405924359659833	1083	7.20351273474928	8.79648726525084
95	WGN38	6.0000000000001	0.405924359659835	1083	5.20351273474932	6.79648726525089
96	WGN38	7.00000000000009	0.405924359659835	1083	6.20351273474931	7.79648726525087
97	WGN38	6.00000000000009	0.405924359659834	1083	5.20351273474931	6.79648726525087
98	WGN38	8.0000000000001	0.405924359659836	1083	7.20351273474932	8.79648726525089
99	WGN38	7.50000000000008	0.405924359659834	1083	6.7035127347493	8.29648726525086
100	WGN38	6.00000000000009	0.405924359659833	1083	5.20351273474931	6.79648726525086
101	WGN38	7.00000000000011	0.405924359659837	1083	6.20351273474932	7.79648726525089
102	WGN38	6.00000000000011	0.405924359659836	1083	5.20351273474932	6.79648726525089
103	WGN38	8.50000000000007	0.405924359659834	1083	7.70351273474929	9.29648726525084
104	WGN38	8.00000000000009	0.405924359659835	1083	7.20351273474931	8.79648726525087
106	WGN38	8.88514760147608	0.574196114237915	1083	7.7584847593391	10.0118104436131
107	WGN38	7.88514760147611	0.574196114237916	1083	6.75848475933913	9.01181044361308
108	WGN38	7.50000000000011	0.405924359659837	1083	6.70351273474933	8.2964872652509
109	WGN38	7.00000000000009	0.405924359659835	1083	6.20351273474931	7.79648726525087
110	WGN38	7.88514760147609	0.574196114237915	1083	6.75848475933911	9.01181044361307
111	WGN38	7.00000000000009	0.405924359659835	1083	6.2035127347493	7.79648726525087
113	WGN38	6.50000000000009	0.405924359659835	1083	5.70351273474931	7.29648726525087
114	WGN38	6.50000000000009	0.405924359659835	1083	5.70351273474931	7.29648726525087
115	WGN38	7.50000000000009	0.405924359659835	1083	6.70351273474931	8.29648726525087
1	WGN39	6.99999999999998	0.405924359659827	1083	6.20351273474921	7.79648726525074
2	WGN39	7.0000000000001	0.405924359659833	1083	6.20351273474932	7.79648726525088
3	WGN39	6.00000000000006	0.405924359659833	1083	5.20351273474928	6.79648726525083
4	WGN39	6.50000000000002	0.405924359659842	1083	5.70351273474922	7.29648726525081
5	WGN39	5.50000000000002	0.405924359659835	1083	4.70351273474924	6.29648726525081
6	WGN39	6.00000000000001	0.405924359659837	1083	5.20351273474922	6.79648726525079
7	WGN39	7.50000000000005	0.405924359659838	1083	6.70351273474927	8.29648726525084
8	WGN39	6.50000000000005	0.405924359659834	1083	5.70351273474927	7.29648726525083
9	WGN39	6.00000000000002	0.405924359659836	1083	5.20351273474923	6.7964872652508
10	WGN39	5.00000000000002	0.405924359659832	1083	4.20351273474924	5.7964872652508
11	WGN39	6.50000000000003	0.40592435965984	1083	5.70351273474924	7.29648726525083
12	WGN39	6.00000000000004	0.405924359659837	1083	5.20351273474925	6.79648726525082
13	WGN39	6.00000000000003	0.405924359659832	1083	5.20351273474926	6.79648726525081
14	WGN39	5.00000000000001	0.405924359659841	1083	4.20351273474922	5.79648726525081
15	WGN39	7.00000000000009	0.405924359659828	1083	6.20351273474932	7.79648726525085
16	WGN39	5.99999999999999	0.405924359659844	1083	5.20351273474919	6.79648726525079
17	WGN39	6.00000000000008	0.405924359659829	1083	5.20351273474931	6.79648726525085
18	WGN39	6.00000000000001	0.405924359659837	1083	5.20351273474923	6.7964872652508
19	WGN39	7.00000000000004	0.405924359659839	1083	6.20351273474925	7.79648726525083
20	WGN39	7.50000000000005	0.405924359659837	1083	6.70351273474926	8.29648726525083
21	WGN39	8.00000000000004	0.405924359659833	1083	7.20351273474927	8.79648726525082
22	WGN39	7.50000000000002	0.405924359659829	1083	6.70351273474925	8.29648726525079
24	WGN39	6	0.405924359659839	1083	5.20351273474921	6.79648726525079
25	WGN39	7.00000000000003	0.405924359659828	1083	6.20351273474926	7.7964872652508
26	WGN39	6.114852398524	0.574196114237918	1083	4.98818955638701	7.24151524066098
27	WGN39	6.00000000000005	0.405924359659838	1083	5.20351273474926	6.79648726525084
28	WGN39	4.99999999999998	0.405924359659839	1083	4.20351273474919	5.79648726525077
29	WGN39	6.00000000000006	0.405924359659833	1083	5.20351273474928	6.79648726525083
30	WGN39	7.00000000000004	0.405924359659834	1083	6.20351273474926	7.79648726525082
31	WGN39	7.00000000000005	0.405924359659833	1083	6.20351273474927	7.79648726525083
32	WGN39	6.00000000000004	0.405924359659833	1083	5.20351273474926	6.79648726525082
34	WGN39	6.00000000000006	0.405924359659829	1083	5.20351273474929	6.79648726525083
35	WGN39	6.00000000000006	0.405924359659831	1083	5.20351273474929	6.79648726525084
36	WGN39	6.00000000000006	0.405924359659832	1083	5.20351273474928	6.79648726525083
37	WGN39	6.00000000000004	0.405924359659832	1083	5.20351273474927	6.79648726525082
38	WGN39	6.00000000000002	0.405924359659834	1083	5.20351273474924	6.7964872652508
39	WGN39	6.00000000000005	0.405924359659836	1083	5.20351273474926	6.79648726525083
40	WGN39	6.00000000000007	0.405924359659832	1083	5.20351273474929	6.79648726525084
41	WGN39	7.00000000000003	0.405924359659833	1083	6.20351273474925	7.79648726525081
42	WGN39	7.00000000000005	0.405924359659836	1083	6.20351273474927	7.79648726525084
43	WGN39	6.00000000000003	0.405924359659835	1083	5.20351273474925	6.79648726525081
44	WGN39	6.00000000000005	0.405924359659835	1083	5.20351273474927	6.79648726525083
45	WGN39	6.00000000000004	0.405924359659838	1083	5.20351273474925	6.79648726525083
46	WGN39	5.88514760147606	0.574196114237919	1083	4.75848475933907	7.01181044361304
47	WGN39	5.50000000000004	0.405924359659835	1083	4.70351273474925	6.29648726525082
48	WGN39	5.50000000000001	0.405924359659839	1083	4.70351273474922	6.2964872652508
49	WGN39	6.00000000000004	0.405924359659831	1083	5.20351273474926	6.79648726525082
50	WGN39	6.00000000000005	0.405924359659834	1083	5.20351273474927	6.79648726525083
51	WGN39	6.00000000000003	0.405924359659835	1083	5.20351273474925	6.79648726525081
52	WGN39	6.00000000000006	0.405924359659829	1083	5.20351273474929	6.79648726525083
53	WGN39	6.00000000000003	0.405924359659835	1083	5.20351273474925	6.79648726525081
54	WGN39	6.00000000000003	0.405924359659836	1083	5.20351273474925	6.79648726525082
55	WGN39	6.00000000000006	0.405924359659831	1083	5.20351273474929	6.79648726525084
56	WGN39	6.00000000000004	0.405924359659833	1083	5.20351273474926	6.79648726525082
57	WGN39	5.50000000000004	0.405924359659833	1083	4.70351273474926	6.29648726525082
58	WGN39	6.50000000000005	0.405924359659833	1083	5.70351273474927	7.29648726525083
59	WGN39	6.00000000000004	0.405924359659833	1083	5.20351273474927	6.79648726525082
60	WGN39	6.00000000000006	0.405924359659831	1083	5.20351273474928	6.79648726525083
61	WGN39	6.00000000000003	0.405924359659837	1083	5.20351273474924	6.79648726525081
62	WGN39	6.00000000000003	0.405924359659834	1083	5.20351273474925	6.79648726525081
63	WGN39	6.00000000000003	0.405924359659835	1083	5.20351273474925	6.79648726525081
64	WGN39	6.00000000000007	0.405924359659832	1083	5.20351273474929	6.79648726525084
65	WGN39	5.00000000000011	0.405924359659829	1083	4.20351273474934	5.79648726525088
66	WGN39	7.00000000000005	0.405924359659839	1083	6.20351273474926	7.79648726525084
67	WGN39	7.00000000000003	0.405924359659837	1083	6.20351273474925	7.79648726525082
68	WGN39	6.88514760147607	0.574196114237912	1083	5.7584847593391	8.01181044361304
69	WGN39	6.00000000000004	0.405924359659834	1083	5.20351273474926	6.79648726525082
70	WGN39	7.88514760147604	0.574196114237919	1083	6.75848475933905	9.01181044361302
71	WGN39	6.50000000000002	0.405924359659833	1083	5.70351273474925	7.2964872652508
72	WGN39	5.50000000000006	0.40592435965983	1083	4.70351273474929	6.29648726525084
73	WGN39	5.50000000000006	0.405924359659833	1083	4.70351273474928	6.29648726525084
74	WGN39	6.50000000000006	0.405924359659836	1083	5.70351273474927	7.29648726525084
75	WGN39	6.50000000000003	0.405924359659835	1083	5.70351273474924	7.29648726525081
76	WGN39	6.00000000000007	0.405924359659832	1083	5.20351273474929	6.79648726525084
77	WGN39	5.00000000000004	0.405924359659836	1083	4.20351273474926	5.79648726525083
78	WGN39	7.00000000000004	0.405924359659833	1083	6.20351273474926	7.79648726525082
79	WGN39	7.00000000000004	0.405924359659829	1083	6.20351273474927	7.79648726525081
80	WGN39	6.00000000000002	0.405924359659838	1083	5.20351273474923	6.79648726525081
81	WGN39	7.50000000000004	0.405924359659836	1083	6.70351273474926	8.29648726525083
82	WGN39	6.00000000000004	0.405924359659834	1083	5.20351273474926	6.79648726525082
83	WGN39	6.00000000000005	0.405924359659835	1083	5.20351273474927	6.79648726525083
84	WGN39	6.50000000000002	0.405924359659837	1083	5.70351273474923	7.29648726525081
85	WGN39	7.00000000000004	0.405924359659836	1083	6.20351273474926	7.79648726525082
86	WGN39	6.00000000000004	0.405924359659835	1083	5.20351273474926	6.79648726525082
87	WGN39	6.50000000000005	0.405924359659837	1083	5.70351273474926	7.29648726525084
88	WGN39	4.88514760147605	0.574196114237916	1083	3.75848475933907	6.01181044361303
89	WGN39	6.00000000000004	0.405924359659835	1083	5.20351273474926	6.79648726525082
90	WGN39	6.50000000000005	0.405924359659835	1083	5.70351273474927	7.29648726525083
91	WGN39	5.00000000000005	0.405924359659833	1083	4.20351273474927	5.79648726525083
92	WGN39	6.50000000000005	0.405924359659833	1083	5.70351273474927	7.29648726525082
93	WGN39	6.00000000000004	0.405924359659833	1083	5.20351273474926	6.79648726525082
94	WGN39	5.50000000000004	0.405924359659834	1083	4.70351273474926	6.29648726525082
95	WGN39	6.50000000000004	0.405924359659833	1083	5.70351273474926	7.29648726525082
96	WGN39	5.00000000000004	0.405924359659835	1083	4.20351273474926	5.79648726525082
97	WGN39	5.50000000000004	0.405924359659834	1083	4.70351273474926	6.29648726525082
98	WGN39	6.50000000000004	0.405924359659834	1083	5.70351273474926	7.29648726525082
99	WGN39	5.50000000000005	0.405924359659833	1083	4.70351273474927	6.29648726525083
100	WGN39	6.00000000000004	0.405924359659834	1083	5.20351273474926	6.79648726525082
101	WGN39	6.00000000000004	0.405924359659834	1083	5.20351273474926	6.79648726525082
102	WGN39	6.00000000000004	0.405924359659835	1083	5.20351273474926	6.79648726525082
104	WGN39	5.50000000000004	0.405924359659834	1083	4.70351273474926	6.29648726525082
105	WGN39	6.00000000000004	0.405924359659835	1083	5.20351273474926	6.79648726525082
106	WGN39	6.00000000000004	0.405924359659834	1083	5.20351273474926	6.79648726525082
107	WGN39	7.00000000000004	0.405924359659835	1083	6.20351273474926	7.79648726525082
108	WGN39	6.00000000000004	0.405924359659834	1083	5.20351273474926	6.79648726525082
109	WGN39	5.50000000000004	0.405924359659834	1083	4.70351273474926	6.29648726525082
110	WGN39	6.00000000000004	0.405924359659834	1083	5.20351273474926	6.79648726525082
111	WGN39	6.50000000000004	0.405924359659835	1083	5.70351273474926	7.29648726525082
112	WGN39	5.50000000000004	0.405924359659835	1083	4.70351273474926	6.29648726525082
113	WGN39	6.00000000000004	0.405924359659835	1083	5.20351273474926	6.79648726525082
114	WGN39	6.00000000000004	0.405924359659834	1083	5.20351273474926	6.79648726525082
115	WGN39	7.00000000000004	0.405924359659834	1083	6.20351273474926	7.79648726525082
116	WGN39	6.50000000000004	0.405924359659835	1083	5.70351273474926	7.29648726525082
117	WGN39	6.00000000000004	0.405924359659835	1083	5.20351273474926	6.79648726525082
118	WGN39	7.00000000000004	0.405924359659835	1083	6.20351273474926	7.79648726525082
120	WGN39	6.00000000000004	0.405924359659834	1083	5.20351273474926	6.79648726525082
121	WGN39	6.00000000000004	0.405924359659834	1083	5.20351273474926	6.79648726525082
122	WGN39	6.00000000000004	0.405924359659835	1083	5.20351273474926	6.79648726525082
123	WGN39	6.50000000000004	0.405924359659834	1083	5.70351273474926	7.29648726525082
124	WGN39	6.00000000000004	0.405924359659834	1083	5.20351273474926	6.79648726525082
125	WGN39	6.50000000000004	0.405924359659834	1083	5.70351273474926	7.29648726525082
126	WGN39	5.00000000000005	0.405924359659834	1083	4.20351273474927	5.79648726525083
127	WGN39	5.00000000000004	0.405924359659835	1083	4.20351273474926	5.79648726525082
128	WGN39	5.50000000000004	0.405924359659834	1083	4.70351273474926	6.29648726525082
129	WGN39	5.00000000000004	0.405924359659835	1083	4.20351273474926	5.79648726525082
130	WGN39	6.50000000000004	0.405924359659835	1083	5.70351273474926	7.29648726525082
1	WGN45	6.00000000000007	0.40592435965983	1083	5.2035127347493	6.79648726525084
2	WGN45	8.88514760147606	0.574196114237917	1083	7.75848475933908	10.011810443613
3	WGN45	5.88514760147605	0.574196114237916	1083	4.75848475933907	7.01181044361303
4	WGN45	6.50000000000004	0.405924359659835	1083	5.70351273474926	7.29648726525082
5	WGN45	7.50000000000009	0.405924359659842	1083	6.7035127347493	8.29648726525089
6	WGN45	6.00000000000005	0.40592435965984	1083	5.20351273474926	6.79648726525085
7	WGN45	6.00000000000006	0.405924359659838	1083	5.20351273474927	6.79648726525084
8	WGN45	6.50000000000008	0.405924359659834	1083	5.7035127347493	7.29648726525086
9	WGN45	6.00000000000005	0.405924359659834	1083	5.20351273474926	6.79648726525083
10	WGN45	6.00000000000007	0.40592435965984	1083	5.20351273474928	6.79648726525086
11	WGN45	6.00000000000008	0.40592435965984	1083	5.20351273474929	6.79648726525087
12	WGN45	6.50000000000008	0.40592435965984	1083	5.70351273474929	7.29648726525087
13	WGN45	8.50000000000008	0.405924359659837	1083	7.7035127347493	9.29648726525087
14	WGN45	7.00000000000004	0.405924359659835	1083	6.20351273474925	7.79648726525082
15	WGN45	6.11485239852401	0.574196114237906	1083	4.98818955638705	7.24151524066097
16	WGN45	6.50000000000008	0.40592435965984	1083	5.70351273474929	7.29648726525087
17	WGN45	6.00000000000005	0.405924359659837	1083	5.20351273474926	6.79648726525084
18	WGN45	6.00000000000003	0.405924359659835	1083	5.20351273474925	6.79648726525081
19	WGN45	6.00000000000003	0.405924359659843	1083	5.20351273474924	6.79648726525083
20	WGN45	6.00000000000004	0.405924359659841	1083	5.20351273474925	6.79648726525084
22	WGN45	6.50000000000004	0.405924359659836	1083	5.70351273474926	7.29648726525083
23	WGN45	6.00000000000004	0.405924359659839	1083	5.20351273474925	6.79648726525083
24	WGN45	6.00000000000006	0.405924359659837	1083	5.20351273474927	6.79648726525084
25	WGN45	5.00000000000003	0.405924359659834	1083	4.20351273474925	5.79648726525081
26	WGN45	6.00000000000005	0.405924359659834	1083	5.20351273474926	6.79648726525083
28	WGN45	6.50000000000005	0.405924359659835	1083	5.70351273474927	7.29648726525083
29	WGN45	6.00000000000004	0.405924359659836	1083	5.20351273474925	6.79648726525082
31	WGN45	6.00000000000005	0.405924359659828	1083	5.20351273474929	6.79648726525082
32	WGN45	6.00000000000004	0.405924359659834	1083	5.20351273474926	6.79648726525082
33	WGN45	6.00000000000005	0.40592435965983	1083	5.20351273474928	6.79648726525082
34	WGN45	6.00000000000005	0.405924359659839	1083	5.20351273474926	6.79648726525084
35	WGN45	5.50000000000004	0.405924359659839	1083	4.70351273474925	6.29648726525083
36	WGN45	6.00000000000005	0.405924359659835	1083	5.20351273474927	6.79648726525083
37	WGN45	6.50000000000006	0.405924359659836	1083	5.70351273474927	7.29648726525084
38	WGN45	5.50000000000005	0.405924359659831	1083	4.70351273474928	6.29648726525082
40	WGN45	5.50000000000005	0.405924359659836	1083	4.70351273474927	6.29648726525084
41	WGN45	6.00000000000005	0.40592435965983	1083	5.20351273474928	6.79648726525082
42	WGN45	6.00000000000004	0.40592435965983	1083	5.20351273474927	6.79648726525082
43	WGN45	5.50000000000005	0.405924359659835	1083	4.70351273474927	6.29648726525084
44	WGN45	6.00000000000004	0.405924359659837	1083	5.20351273474925	6.79648726525083
45	WGN45	7.00000000000005	0.405924359659834	1083	6.20351273474927	7.79648726525083
46	WGN45	6.00000000000004	0.405924359659837	1083	5.20351273474925	6.79648726525083
47	WGN45	6.11485239852403	0.574196114237919	1083	4.98818955638704	7.24151524066101
48	WGN45	6.00000000000004	0.405924359659836	1083	5.20351273474926	6.79648726525082
49	WGN45	8.88514760147606	0.574196114237916	1083	7.75848475933908	10.011810443613
50	WGN45	6.00000000000004	0.405924359659838	1083	5.20351273474926	6.79648726525083
52	WGN45	6.00000000000005	0.405924359659835	1083	5.20351273474927	6.79648726525083
53	WGN45	6.00000000000005	0.405924359659836	1083	5.20351273474926	6.79648726525083
54	WGN45	6.00000000000004	0.405924359659836	1083	5.20351273474925	6.79648726525082
55	WGN45	8.11485239852403	0.574196114237919	1083	6.98818955638704	9.24151524066101
56	WGN45	7.00000000000004	0.405924359659832	1083	6.20351273474926	7.79648726525081
57	WGN45	5.50000000000004	0.405924359659835	1083	4.70351273474926	6.29648726525082
58	WGN45	7.50000000000006	0.405924359659836	1083	6.70351273474927	8.29648726525084
59	WGN45	6.00000000000004	0.405924359659832	1083	5.20351273474927	6.79648726525082
60	WGN45	5.88514760147606	0.574196114237923	1083	4.75848475933906	7.01181044361305
61	WGN45	7.00000000000005	0.405924359659834	1083	6.20351273474927	7.79648726525082
62	WGN45	7.50000000000002	0.405924359659832	1083	6.70351273474925	8.2964872652508
64	WGN45	6.00000000000005	0.405924359659836	1083	5.20351273474927	6.79648726525084
65	WGN45	6.00000000000005	0.405924359659835	1083	5.20351273474926	6.79648726525083
66	WGN45	6.00000000000005	0.405924359659837	1083	5.20351273474927	6.79648726525084
67	WGN45	6.11485239852401	0.574196114237914	1083	4.98818955638704	7.24151524066099
68	WGN45	6.00000000000005	0.405924359659833	1083	5.20351273474928	6.79648726525083
69	WGN45	7.00000000000005	0.405924359659835	1083	6.20351273474926	7.79648726525083
70	WGN45	5.88514760147606	0.574196114237914	1083	4.75848475933908	7.01181044361303
71	WGN45	6.00000000000003	0.405924359659832	1083	5.20351273474926	6.79648726525081
72	WGN45	6.00000000000004	0.405924359659833	1083	5.20351273474926	6.79648726525082
73	WGN45	5.88514760147606	0.574196114237917	1083	4.75848475933908	7.01181044361304
74	WGN45	6.00000000000005	0.405924359659835	1083	5.20351273474926	6.79648726525083
75	WGN45	6.00000000000005	0.405924359659832	1083	5.20351273474927	6.79648726525082
76	WGN45	6.50000000000005	0.405924359659834	1083	5.70351273474927	7.29648726525083
77	WGN45	6.00000000000006	0.405924359659836	1083	5.20351273474927	6.79648726525084
78	WGN45	6.00000000000005	0.405924359659833	1083	5.20351273474927	6.79648726525083
80	WGN45	9.00000000000005	0.405924359659834	1083	8.20351273474927	9.79648726525083
81	WGN45	6.00000000000005	0.405924359659834	1083	5.20351273474927	6.79648726525083
82	WGN45	6.50000000000005	0.405924359659834	1083	5.70351273474927	7.29648726525083
84	WGN45	7.50000000000004	0.405924359659833	1083	6.70351273474926	8.29648726525082
85	WGN45	5.88514760147607	0.574196114237916	1083	4.75848475933909	7.01181044361305
86	WGN45	8.00000000000005	0.405924359659835	1083	7.20351273474927	8.79648726525083
87	WGN45	6.00000000000005	0.405924359659833	1083	5.20351273474927	6.79648726525082
88	WGN45	6.00000000000005	0.405924359659833	1083	5.20351273474927	6.79648726525083
89	WGN45	6.00000000000005	0.405924359659833	1083	5.20351273474927	6.79648726525083
90	WGN45	6.00000000000005	0.405924359659834	1083	5.20351273474927	6.79648726525083
92	WGN45	7.00000000000004	0.405924359659833	1083	6.20351273474926	7.79648726525082
93	WGN45	6.00000000000004	0.405924359659835	1083	5.20351273474926	6.79648726525083
94	WGN45	6.00000000000005	0.405924359659834	1083	5.20351273474927	6.79648726525083
95	WGN45	6.00000000000005	0.405924359659833	1083	5.20351273474927	6.79648726525083
96	WGN45	6.00000000000005	0.405924359659833	1083	5.20351273474927	6.79648726525082
98	WGN45	5.50000000000005	0.405924359659834	1083	4.70351273474927	6.29648726525083
99	WGN45	5.11485239852403	0.574196114237916	1083	3.98818955638705	6.24151524066101
100	WGN45	7.50000000000004	0.405924359659833	1083	6.70351273474926	8.29648726525082
101	WGN45	6.00000000000005	0.405924359659832	1083	5.20351273474927	6.79648726525083
102	WGN45	6.00000000000004	0.405924359659836	1083	5.20351273474926	6.79648726525083
103	WGN45	5.88514760147606	0.574196114237917	1083	4.75848475933908	7.01181044361304
104	WGN45	7.50000000000005	0.405924359659834	1083	6.70351273474927	8.29648726525083
105	WGN45	5.50000000000005	0.405924359659835	1083	4.70351273474927	6.29648726525083
106	WGN45	6.00000000000005	0.405924359659834	1083	5.20351273474927	6.79648726525083
107	WGN45	7.00000000000005	0.405924359659834	1083	6.20351273474927	7.79648726525083
108	WGN45	6.00000000000005	0.405924359659835	1083	5.20351273474927	6.79648726525083
109	WGN45	6.00000000000005	0.405924359659835	1083	5.20351273474927	6.79648726525083
110	WGN45	6.00000000000005	0.405924359659835	1083	5.20351273474927	6.79648726525083
111	WGN45	6.50000000000005	0.405924359659835	1083	5.70351273474927	7.29648726525083
112	WGN45	5.50000000000005	0.405924359659834	1083	4.70351273474927	6.29648726525083
113	WGN45	5.88514760147607	0.574196114237917	1083	4.75848475933909	7.01181044361305
114	WGN45	6.50000000000006	0.405924359659836	1083	5.70351273474927	7.29648726525084
115	WGN45	5.88514760147607	0.574196114237917	1083	4.75848475933909	7.01181044361305
116	WGN45	6.00000000000005	0.405924359659834	1083	5.20351273474927	6.79648726525083
117	WGN45	5.50000000000006	0.405924359659835	1083	4.70351273474927	6.29648726525084
118	WGN45	6.11485239852403	0.574196114237916	1083	4.98818955638705	7.24151524066101
119	WGN45	8.00000000000006	0.405924359659835	1083	7.20351273474928	8.79648726525084
120	WGN45	6.00000000000005	0.405924359659835	1083	5.20351273474926	6.79648726525083
121	WGN45	6.50000000000005	0.405924359659835	1083	5.70351273474927	7.29648726525083
122	WGN45	6.00000000000005	0.405924359659835	1083	5.20351273474927	6.79648726525083
123	WGN45	8.00000000000006	0.405924359659835	1083	7.20351273474928	8.79648726525084
124	WGN45	8.50000000000005	0.405924359659835	1083	7.70351273474926	9.29648726525083
126	WGN45	8.00000000000005	0.405924359659834	1083	7.20351273474927	8.79648726525083
127	WGN45	6.50000000000005	0.405924359659834	1083	5.70351273474927	7.29648726525083
128	WGN45	6.50000000000005	0.405924359659834	1083	5.70351273474927	7.29648726525083
129	WGN45	5.50000000000005	0.405924359659834	1083	4.70351273474927	6.29648726525083
130	WGN45	6.11485239852403	0.574196114237916	1083	4.98818955638705	7.24151524066101
1	WGN46	6.5000000000001	0.405924359659831	1083	5.70351273474933	7.29648726525088
2	WGN46	7.50000000000008	0.405924359659833	1083	6.7035127347493	8.29648726525086
3	WGN46	8.49999999999999	0.405924359659829	1083	7.70351273474922	9.29648726525076
4	WGN46	7.50000000000003	0.405924359659831	1083	6.70351273474926	8.2964872652508
6	WGN46	6.11485239852405	0.57419611423792	1083	4.98818955638706	7.24151524066104
7	WGN46	8.00000000000008	0.405924359659835	1083	7.2035127347493	8.79648726525086
8	WGN46	7.88514760147606	0.574196114237916	1083	6.75848475933908	9.01181044361303
9	WGN46	8.50000000000008	0.405924359659836	1083	7.7035127347493	9.29648726525087
10	WGN46	8.00000000000006	0.405924359659835	1083	7.20351273474928	8.79648726525084
11	WGN46	6.50000000000007	0.405924359659832	1083	5.70351273474929	7.29648726525084
12	WGN46	7.00000000000007	0.405924359659832	1083	6.2035127347493	7.79648726525085
13	WGN46	7.50000000000003	0.40592435965983	1083	6.70351273474926	8.2964872652508
14	WGN46	6.50000000000006	0.405924359659838	1083	5.70351273474927	7.29648726525085
15	WGN46	6.00000000000006	0.405924359659834	1083	5.20351273474928	6.79648726525084
16	WGN46	6.00000000000007	0.40592435965983	1083	5.20351273474929	6.79648726525084
17	WGN46	7.00000000000006	0.405924359659835	1083	6.20351273474927	7.79648726525084
18	WGN46	9.00000000000001	0.405924359659832	1083	8.20351273474923	9.79648726525078
19	WGN46	6.50000000000007	0.405924359659834	1083	5.70351273474929	7.29648726525085
20	WGN46	7.11485239852408	0.574196114237915	1083	5.9881895563871	8.24151524066106
21	WGN46	7.88514760147603	0.57419611423791	1083	6.75848475933906	9.011810443613
22	WGN46	6.00000000000008	0.405924359659835	1083	5.20351273474929	6.79648726525086
23	WGN46	8.50000000000001	0.40592435965983	1083	7.70351273474924	9.29648726525079
24	WGN46	8.0000000000001	0.405924359659841	1083	7.2035127347493	8.79648726525089
25	WGN46	7.88514760147606	0.574196114237918	1083	6.75848475933908	9.01181044361305
26	WGN46	8.50000000000005	0.405924359659833	1083	7.70351273474927	9.29648726525082
27	WGN46	6.11485239852406	0.574196114237914	1083	4.98818955638709	7.24151524066104
28	WGN46	8.00000000000003	0.405924359659832	1083	7.20351273474925	8.7964872652508
29	WGN46	7.00000000000007	0.405924359659837	1083	6.20351273474929	7.79648726525086
30	WGN46	8.5000000000001	0.405924359659841	1083	7.7035127347493	9.29648726525089
31	WGN46	7.88514760147606	0.574196114237914	1083	6.75848475933908	9.01181044361303
32	WGN46	9.00000000000009	0.405924359659838	1083	8.2035127347493	9.79648726525088
33	WGN46	7.50000000000005	0.405924359659832	1083	6.70351273474927	8.29648726525082
34	WGN46	7.00000000000006	0.405924359659835	1083	6.20351273474928	7.79648726525084
36	WGN46	8.50000000000004	0.405924359659832	1083	7.70351273474926	9.29648726525082
37	WGN46	7.88514760147608	0.574196114237918	1083	6.75848475933909	9.01181044361306
38	WGN46	8.11485239852408	0.574196114237917	1083	6.98818955638709	9.24151524066106
39	WGN46	8.00000000000005	0.405924359659833	1083	7.20351273474927	8.79648726525083
40	WGN46	9.00000000000008	0.405924359659836	1083	8.2035127347493	9.79648726525087
41	WGN46	8.00000000000007	0.405924359659836	1083	7.20351273474928	8.79648726525085
42	WGN46	8.00000000000003	0.405924359659831	1083	7.20351273474926	8.79648726525081
43	WGN46	6.50000000000006	0.405924359659834	1083	5.70351273474928	7.29648726525084
44	WGN46	8.50000000000008	0.405924359659837	1083	7.70351273474929	9.29648726525087
45	WGN46	6.00000000000005	0.405924359659837	1083	5.20351273474927	6.79648726525084
46	WGN46	7.50000000000006	0.405924359659837	1083	6.70351273474928	8.29648726525085
47	WGN46	6.00000000000007	0.405924359659832	1083	5.20351273474929	6.79648726525085
48	WGN46	8.00000000000004	0.405924359659832	1083	7.20351273474926	8.79648726525082
49	WGN46	7.00000000000006	0.405924359659834	1083	6.20351273474927	7.79648726525084
50	WGN46	6.50000000000005	0.405924359659833	1083	5.70351273474928	7.29648726525083
52	WGN46	6.50000000000005	0.405924359659832	1083	5.70351273474928	7.29648726525083
53	WGN46	7.00000000000006	0.405924359659835	1083	6.20351273474928	7.79648726525084
54	WGN46	6.50000000000006	0.405924359659832	1083	5.70351273474929	7.29648726525084
55	WGN46	8.11485239852405	0.57419611423792	1083	6.98818955638706	9.24151524066104
57	WGN46	6.00000000000004	0.405924359659834	1083	5.20351273474926	6.79648726525082
58	WGN46	8.00000000000005	0.405924359659834	1083	7.20351273474927	8.79648726525083
59	WGN46	7.8851476014761	0.574196114237921	1083	6.75848475933911	9.01181044361309
60	WGN46	7.00000000000005	0.405924359659834	1083	6.20351273474927	7.79648726525083
61	WGN46	8.88514760147615	0.574196114237923	1083	7.75848475933915	10.0118104436131
62	WGN46	8.11485239852402	0.574196114237917	1083	6.98818955638704	9.241515240661
63	WGN46	9.11485239852407	0.574196114237918	1083	7.98818955638709	10.2415152406611
64	WGN46	7.00000000000006	0.405924359659835	1083	6.20351273474928	7.79648726525085
65	WGN46	6.50000000000006	0.405924359659836	1083	5.70351273474928	7.29648726525084
66	WGN46	7.50000000000004	0.40592435965983	1083	6.70351273474926	8.29648726525081
67	WGN46	6.50000000000005	0.405924359659837	1083	5.70351273474927	7.29648726525084
68	WGN46	7.50000000000004	0.405924359659833	1083	6.70351273474927	8.29648726525082
69	WGN46	7.50000000000005	0.405924359659833	1083	6.70351273474927	8.29648726525083
70	WGN46	6.50000000000006	0.405924359659837	1083	5.70351273474927	7.29648726525084
71	WGN46	7.00000000000007	0.405924359659835	1083	6.20351273474928	7.79648726525085
72	WGN46	8.00000000000007	0.405924359659836	1083	7.20351273474928	8.79648726525085
73	WGN46	8.50000000000002	0.405924359659833	1083	7.70351273474925	9.2964872652508
74	WGN46	9.00000000000008	0.405924359659836	1083	8.20351273474929	9.79648726525086
75	WGN46	8.50000000000002	0.405924359659831	1083	7.70351273474924	9.29648726525079
76	WGN46	6.00000000000006	0.405924359659835	1083	5.20351273474928	6.79648726525085
78	WGN46	5.50000000000006	0.405924359659833	1083	4.70351273474929	6.29648726525084
79	WGN46	6.00000000000006	0.405924359659834	1083	5.20351273474928	6.79648726525084
80	WGN46	6.00000000000006	0.405924359659835	1083	5.20351273474928	6.79648726525084
81	WGN46	6.50000000000006	0.405924359659832	1083	5.70351273474928	7.29648726525083
82	WGN46	8.11485239852404	0.574196114237915	1083	6.98818955638706	9.24151524066102
83	WGN46	8.00000000000005	0.405924359659834	1083	7.20351273474927	8.79648726525083
84	WGN46	8.00000000000004	0.405924359659833	1083	7.20351273474927	8.79648726525082
85	WGN46	7.00000000000006	0.405924359659835	1083	6.20351273474927	7.79648726525084
86	WGN46	7.00000000000006	0.405924359659834	1083	6.20351273474928	7.79648726525084
87	WGN46	9.00000000000007	0.405924359659835	1083	8.20351273474929	9.79648726525085
88	WGN46	7.88514760147608	0.574196114237916	1083	6.7584847593391	9.01181044361305
89	WGN46	7.00000000000006	0.405924359659835	1083	6.20351273474928	7.79648726525084
90	WGN46	6.00000000000006	0.405924359659834	1083	5.20351273474928	6.79648726525084
91	WGN46	9.00000000000004	0.405924359659834	1083	8.20351273474926	9.79648726525082
92	WGN46	6.00000000000005	0.405924359659836	1083	5.20351273474927	6.79648726525084
93	WGN46	6.50000000000005	0.405924359659835	1083	5.70351273474927	7.29648726525084
94	WGN46	8.00000000000006	0.405924359659836	1083	7.20351273474927	8.79648726525084
95	WGN46	8.11485239852404	0.574196114237918	1083	6.98818955638706	9.24151524066103
96	WGN46	7.00000000000006	0.405924359659833	1083	6.20351273474928	7.79648726525084
98	WGN46	8.00000000000006	0.405924359659835	1083	7.20351273474928	8.79648726525085
100	WGN46	5.88514760147608	0.574196114237915	1083	4.7584847593391	7.01181044361306
101	WGN46	6.50000000000006	0.405924359659836	1083	5.70351273474928	7.29648726525084
102	WGN46	8.50000000000006	0.405924359659834	1083	7.70351273474928	9.29648726525084
103	WGN46	8.50000000000006	0.405924359659835	1083	7.70351273474927	9.29648726525084
104	WGN46	5.00000000000006	0.405924359659836	1083	4.20351273474927	5.79648726525084
106	WGN46	8.00000000000006	0.405924359659835	1083	7.20351273474928	8.79648726525084
107	WGN46	6.00000000000006	0.405924359659835	1083	5.20351273474928	6.79648726525084
108	WGN46	6.00000000000006	0.405924359659834	1083	5.20351273474928	6.79648726525084
109	WGN46	6.50000000000006	0.405924359659834	1083	5.70351273474928	7.29648726525084
110	WGN46	5.50000000000006	0.405924359659834	1083	4.70351273474928	6.29648726525084
111	WGN46	5.50000000000005	0.405924359659836	1083	4.70351273474927	6.29648726525083
112	WGN46	8.00000000000005	0.405924359659833	1083	7.20351273474927	8.79648726525083
113	WGN46	8.88514760147608	0.574196114237917	1083	7.7584847593391	10.0118104436131
114	WGN46	8.00000000000006	0.405924359659835	1083	7.20351273474928	8.79648726525084
115	WGN46	7.50000000000006	0.405924359659834	1083	6.70351273474928	8.29648726525084
116	WGN46	8.50000000000007	0.405924359659835	1083	7.70351273474928	9.29648726525085
117	WGN46	7.50000000000006	0.405924359659835	1083	6.70351273474928	8.29648726525084
118	WGN46	6.50000000000006	0.405924359659835	1083	5.70351273474928	7.29648726525084
119	WGN46	6.00000000000006	0.405924359659835	1083	5.20351273474928	6.79648726525084
120	WGN46	6.50000000000006	0.405924359659835	1083	5.70351273474928	7.29648726525084
121	WGN46	7.50000000000006	0.405924359659835	1083	6.70351273474928	8.29648726525084
122	WGN46	8.00000000000006	0.405924359659835	1083	7.20351273474928	8.79648726525084
123	WGN46	8.50000000000006	0.405924359659835	1083	7.70351273474928	9.29648726525084
124	WGN46	8.00000000000006	0.405924359659834	1083	7.20351273474927	8.79648726525084
125	WGN46	8.50000000000006	0.405924359659835	1083	7.70351273474927	9.29648726525084
126	WGN46	6.00000000000006	0.405924359659835	1083	5.20351273474928	6.79648726525084
127	WGN46	8.00000000000006	0.405924359659835	1083	7.20351273474928	8.79648726525084
128	WGN46	9.00000000000006	0.405924359659835	1083	8.20351273474928	9.79648726525084
129	WGN46	6.50000000000006	0.405924359659835	1083	5.70351273474928	7.29648726525084
130	WGN46	7.50000000000006	0.405924359659835	1083	6.70351273474927	8.29648726525084
1	WGN55	6.00000000000005	0.405924359659837	1083	5.20351273474926	6.79648726525084
2	WGN55	7.00000000000006	0.405924359659837	1083	6.20351273474927	7.79648726525085
3	WGN55	6.00000000000004	0.405924359659838	1083	5.20351273474925	6.79648726525082
4	WGN55	5.00000000000004	0.405924359659834	1083	4.20351273474926	5.79648726525082
5	WGN55	5.50000000000006	0.405924359659827	1083	4.70351273474929	6.29648726525082
6	WGN55	5.5	0.405924359659836	1083	4.70351273474922	6.29648726525078
7	WGN55	7.50000000000004	0.405924359659835	1083	6.70351273474926	8.29648726525082
8	WGN55	8.11485239852407	0.574196114237924	1083	6.98818955638707	9.24151524066106
9	WGN55	5.50000000000004	0.405924359659834	1083	4.70351273474926	6.29648726525082
10	WGN55	7.00000000000004	0.405924359659835	1083	6.20351273474926	7.79648726525082
11	WGN55	6.00000000000004	0.405924359659837	1083	5.20351273474926	6.79648726525083
12	WGN55	8.00000000000001	0.405924359659833	1083	7.20351273474923	8.79648726525079
13	WGN55	6.00000000000004	0.405924359659835	1083	5.20351273474926	6.79648726525082
14	WGN55	7.00000000000004	0.405924359659835	1083	6.20351273474926	7.79648726525083
15	WGN55	6.00000000000004	0.405924359659836	1083	5.20351273474926	6.79648726525082
16	WGN55	6.00000000000003	0.405924359659839	1083	5.20351273474924	6.79648726525082
17	WGN55	8.50000000000003	0.405924359659834	1083	7.70351273474925	9.29648726525081
18	WGN55	8.88514760147601	0.574196114237913	1083	7.75848475933904	10.011810443613
19	WGN55	7.50000000000002	0.405924359659833	1083	6.70351273474924	8.2964872652508
20	WGN55	6.00000000000004	0.405924359659833	1083	5.20351273474926	6.79648726525082
21	WGN55	7.00000000000007	0.405924359659837	1083	6.20351273474928	7.79648726525085
22	WGN55	6	0.405924359659833	1083	5.20351273474922	6.79648726525078
23	WGN55	7.00000000000003	0.405924359659834	1083	6.20351273474925	7.79648726525081
24	WGN55	6.00000000000007	0.405924359659834	1083	5.20351273474929	6.79648726525085
25	WGN55	6.00000000000004	0.405924359659832	1083	5.20351273474926	6.79648726525081
26	WGN55	6.00000000000004	0.405924359659838	1083	5.20351273474925	6.79648726525083
27	WGN55	6.50000000000004	0.405924359659835	1083	5.70351273474926	7.29648726525082
28	WGN55	8.88514760147604	0.574196114237918	1083	7.75848475933906	10.011810443613
29	WGN55	6.00000000000004	0.405924359659834	1083	5.20351273474926	6.79648726525082
30	WGN55	6.00000000000004	0.405924359659836	1083	5.20351273474925	6.79648726525082
31	WGN55	7.5	0.405924359659831	1083	6.70351273474923	8.29648726525078
32	WGN55	6.00000000000004	0.405924359659836	1083	5.20351273474925	6.79648726525082
33	WGN55	6.50000000000004	0.405924359659835	1083	5.70351273474926	7.29648726525082
34	WGN55	6.00000000000004	0.405924359659836	1083	5.20351273474925	6.79648726525082
35	WGN55	6.00000000000006	0.405924359659835	1083	5.20351273474927	6.79648726525084
36	WGN55	6.50000000000003	0.405924359659831	1083	5.70351273474925	7.2964872652508
37	WGN55	7.00000000000002	0.405924359659834	1083	6.20351273474924	7.7964872652508
38	WGN55	6.00000000000004	0.405924359659836	1083	5.20351273474926	6.79648726525082
40	WGN55	6.50000000000004	0.405924359659833	1083	5.70351273474926	7.29648726525081
41	WGN55	6.00000000000003	0.405924359659837	1083	5.20351273474925	6.79648726525082
42	WGN55	6.11485239852401	0.574196114237919	1083	4.98818955638702	7.24151524066099
43	WGN55	6.50000000000005	0.405924359659837	1083	5.70351273474926	7.29648726525083
44	WGN55	7.50000000000006	0.405924359659837	1083	6.70351273474927	8.29648726525084
45	WGN55	6.00000000000003	0.405924359659834	1083	5.20351273474925	6.79648726525082
46	WGN55	5.11485239852402	0.574196114237916	1083	3.98818955638704	6.241515240661
47	WGN55	6.00000000000004	0.405924359659831	1083	5.20351273474926	6.79648726525081
48	WGN55	7.00000000000003	0.405924359659834	1083	6.20351273474925	7.79648726525081
49	WGN55	6.00000000000004	0.405924359659837	1083	5.20351273474925	6.79648726525082
50	WGN55	5.50000000000003	0.405924359659837	1083	4.70351273474925	6.29648726525082
52	WGN55	6.00000000000004	0.405924359659837	1083	5.20351273474925	6.79648726525082
53	WGN55	6.00000000000004	0.405924359659833	1083	5.20351273474926	6.79648726525082
54	WGN55	7.00000000000003	0.405924359659832	1083	6.20351273474925	7.79648726525081
55	WGN55	7.88514760147604	0.574196114237916	1083	6.75848475933906	9.01181044361302
56	WGN55	6.00000000000004	0.405924359659838	1083	5.20351273474925	6.79648726525082
57	WGN55	5.88514760147605	0.574196114237916	1083	4.75848475933907	7.01181044361303
58	WGN55	6.00000000000004	0.405924359659834	1083	5.20351273474926	6.79648726525082
59	WGN55	6.00000000000004	0.405924359659833	1083	5.20351273474926	6.79648726525081
60	WGN55	6.00000000000004	0.405924359659834	1083	5.20351273474926	6.79648726525082
61	WGN55	7.50000000000005	0.405924359659836	1083	6.70351273474926	8.29648726525083
62	WGN55	5.50000000000004	0.405924359659835	1083	4.70351273474926	6.29648726525082
63	WGN55	7.00000000000004	0.405924359659835	1083	6.20351273474926	7.79648726525083
64	WGN55	5.00000000000003	0.405924359659837	1083	4.20351273474924	5.79648726525081
65	WGN55	7.50000000000004	0.405924359659835	1083	6.70351273474926	8.29648726525083
66	WGN55	6.00000000000005	0.405924359659835	1083	5.20351273474926	6.79648726525083
67	WGN55	6.11485239852402	0.574196114237918	1083	4.98818955638703	7.241515240661
68	WGN55	5.00000000000004	0.405924359659833	1083	4.20351273474926	5.79648726525082
69	WGN55	5.00000000000004	0.405924359659834	1083	4.20351273474926	5.79648726525082
70	WGN55	7.00000000000003	0.405924359659833	1083	6.20351273474925	7.79648726525081
71	WGN55	5.50000000000004	0.405924359659836	1083	4.70351273474926	6.29648726525083
72	WGN55	6.00000000000004	0.405924359659834	1083	5.20351273474926	6.79648726525082
73	WGN55	7.50000000000004	0.405924359659833	1083	6.70351273474926	8.29648726525081
74	WGN55	7.00000000000003	0.405924359659835	1083	6.20351273474925	7.79648726525081
75	WGN55	6.00000000000004	0.405924359659833	1083	5.20351273474926	6.79648726525082
76	WGN55	6.50000000000003	0.405924359659834	1083	5.70351273474925	7.29648726525081
77	WGN55	6.11485239852405	0.574196114237916	1083	4.98818955638707	7.24151524066103
78	WGN55	5.00000000000003	0.405924359659835	1083	4.20351273474925	5.79648726525081
80	WGN55	6.50000000000004	0.405924359659834	1083	5.70351273474926	7.29648726525082
81	WGN55	6.00000000000004	0.405924359659836	1083	5.20351273474925	6.79648726525082
82	WGN55	6.50000000000003	0.405924359659835	1083	5.70351273474925	7.29648726525082
83	WGN55	6.00000000000004	0.405924359659836	1083	5.20351273474925	6.79648726525082
84	WGN55	6.00000000000004	0.405924359659833	1083	5.20351273474926	6.79648726525082
85	WGN55	5.50000000000004	0.405924359659834	1083	4.70351273474926	6.29648726525082
86	WGN55	6.00000000000004	0.405924359659834	1083	5.20351273474926	6.79648726525082
87	WGN55	6.00000000000004	0.405924359659836	1083	5.20351273474925	6.79648726525082
88	WGN55	5.50000000000004	0.405924359659835	1083	4.70351273474925	6.29648726525082
89	WGN55	8.88514760147606	0.574196114237917	1083	7.75848475933908	10.011810443613
90	WGN55	5.50000000000004	0.405924359659833	1083	4.70351273474926	6.29648726525082
91	WGN55	6.00000000000003	0.405924359659834	1083	5.20351273474925	6.79648726525081
92	WGN55	6.00000000000003	0.405924359659833	1083	5.20351273474926	6.79648726525081
93	WGN55	5.50000000000005	0.405924359659835	1083	4.70351273474926	6.29648726525083
94	WGN55	6.00000000000003	0.405924359659836	1083	5.20351273474925	6.79648726525082
95	WGN55	7.00000000000005	0.405924359659836	1083	6.20351273474927	7.79648726525084
96	WGN55	7.00000000000004	0.405924359659834	1083	6.20351273474926	7.79648726525082
97	WGN55	8.00000000000004	0.405924359659835	1083	7.20351273474925	8.79648726525082
98	WGN55	6.00000000000003	0.405924359659835	1083	5.20351273474925	6.79648726525082
99	WGN55	6.00000000000003	0.405924359659834	1083	5.20351273474925	6.79648726525082
100	WGN55	6.00000000000004	0.405924359659835	1083	5.20351273474925	6.79648726525082
101	WGN55	7.50000000000003	0.405924359659834	1083	6.70351273474925	8.29648726525081
102	WGN55	6.00000000000003	0.405924359659834	1083	5.20351273474925	6.79648726525082
103	WGN55	7.50000000000002	0.405924359659834	1083	6.70351273474924	8.29648726525081
104	WGN55	6.00000000000004	0.405924359659835	1083	5.20351273474926	6.79648726525082
105	WGN55	7.00000000000004	0.405924359659835	1083	6.20351273474925	7.79648726525082
106	WGN55	5.50000000000003	0.405924359659834	1083	4.70351273474925	6.29648726525082
107	WGN55	5.00000000000003	0.405924359659834	1083	4.20351273474925	5.79648726525081
108	WGN55	6.50000000000004	0.405924359659834	1083	5.70351273474926	7.29648726525082
109	WGN55	6.00000000000003	0.405924359659834	1083	5.20351273474925	6.79648726525082
110	WGN55	6.00000000000004	0.405924359659834	1083	5.20351273474926	6.79648726525082
111	WGN55	8.00000000000002	0.405924359659834	1083	7.20351273474924	8.79648726525081
112	WGN55	6.50000000000003	0.405924359659834	1083	5.70351273474925	7.29648726525082
113	WGN55	8.00000000000004	0.405924359659835	1083	7.20351273474926	8.79648726525082
114	WGN55	6.00000000000004	0.405924359659834	1083	5.20351273474926	6.79648726525082
115	WGN55	6.00000000000004	0.405924359659835	1083	5.20351273474926	6.79648726525082
116	WGN55	6.00000000000004	0.405924359659835	1083	5.20351273474926	6.79648726525082
117	WGN55	6.00000000000004	0.405924359659835	1083	5.20351273474926	6.79648726525082
118	WGN55	7.50000000000003	0.405924359659834	1083	6.70351273474925	8.29648726525081
119	WGN55	6.50000000000004	0.405924359659834	1083	5.70351273474926	7.29648726525082
120	WGN55	9.11485239852401	0.574196114237917	1083	7.98818955638703	10.241515240661
121	WGN55	6.00000000000004	0.405924359659835	1083	5.20351273474926	6.79648726525082
122	WGN55	8.00000000000003	0.405924359659835	1083	7.20351273474925	8.79648726525082
123	WGN55	5.50000000000004	0.405924359659835	1083	4.70351273474926	6.29648726525082
124	WGN55	8.00000000000004	0.405924359659835	1083	7.20351273474925	8.79648726525082
125	WGN55	6.50000000000004	0.405924359659835	1083	5.70351273474926	7.29648726525082
126	WGN55	6.00000000000004	0.405924359659835	1083	5.20351273474925	6.79648726525082
128	WGN55	6.50000000000004	0.405924359659835	1083	5.70351273474925	7.29648726525082
129	WGN55	6.00000000000004	0.405924359659835	1083	5.20351273474925	6.79648726525082
130	WGN55	7.50000000000004	0.405924359659835	1083	6.70351273474926	8.29648726525082
1	WGN63	6.00000000000008	0.405924359659828	1083	5.20351273474931	6.79648726525085
2	WGN63	6.50000000000007	0.405924359659833	1083	5.7035127347493	7.29648726525085
3	WGN63	6.00000000000008	0.405924359659836	1083	5.20351273474929	6.79648726525086
4	WGN63	6.50000000000007	0.405924359659832	1083	5.70351273474929	7.29648726525085
5	WGN63	6.50000000000007	0.405924359659835	1083	5.70351273474929	7.29648726525086
6	WGN63	8.50000000000008	0.405924359659833	1083	7.7035127347493	9.29648726525086
7	WGN63	7.00000000000008	0.405924359659836	1083	6.2035127347493	7.79648726525087
8	WGN63	6.00000000000009	0.405924359659836	1083	5.20351273474931	6.79648726525087
9	WGN63	7.00000000000007	0.405924359659834	1083	6.20351273474929	7.79648726525085
10	WGN63	7.00000000000008	0.405924359659836	1083	6.20351273474929	7.79648726525086
12	WGN63	7.00000000000006	0.405924359659833	1083	6.20351273474928	7.79648726525083
13	WGN63	5.50000000000008	0.405924359659836	1083	4.70351273474929	6.29648726525086
14	WGN63	6.00000000000007	0.405924359659835	1083	5.20351273474929	6.79648726525086
16	WGN63	5.50000000000007	0.405924359659837	1083	4.70351273474928	6.29648726525085
17	WGN63	6.00000000000006	0.405924359659837	1083	5.20351273474927	6.79648726525085
18	WGN63	6.00000000000007	0.405924359659835	1083	5.20351273474929	6.79648726525086
19	WGN63	6.50000000000006	0.405924359659837	1083	5.70351273474927	7.29648726525085
20	WGN63	6.50000000000007	0.405924359659833	1083	5.7035127347493	7.29648726525085
21	WGN63	8.00000000000004	0.405924359659836	1083	7.20351273474926	8.79648726525083
22	WGN63	6.00000000000007	0.405924359659836	1083	5.20351273474929	6.79648726525085
23	WGN63	7.50000000000007	0.405924359659833	1083	6.70351273474929	8.29648726525085
24	WGN63	6.00000000000008	0.405924359659836	1083	5.20351273474929	6.79648726525086
25	WGN63	6.00000000000007	0.405924359659839	1083	5.20351273474928	6.79648726525086
26	WGN63	6.00000000000009	0.405924359659834	1083	5.2035127347493	6.79648726525087
27	WGN63	6.00000000000005	0.405924359659833	1083	5.20351273474927	6.79648726525082
28	WGN63	6.00000000000007	0.405924359659833	1083	5.20351273474929	6.79648726525085
29	WGN63	6.00000000000007	0.405924359659834	1083	5.20351273474929	6.79648726525085
30	WGN63	6.00000000000007	0.405924359659831	1083	5.2035127347493	6.79648726525085
31	WGN63	6.00000000000007	0.405924359659836	1083	5.20351273474928	6.79648726525085
32	WGN63	6.00000000000007	0.405924359659833	1083	5.20351273474929	6.79648726525085
33	WGN63	6.00000000000007	0.405924359659835	1083	5.20351273474929	6.79648726525085
34	WGN63	6.00000000000007	0.405924359659835	1083	5.20351273474929	6.79648726525085
35	WGN63	6.00000000000007	0.405924359659835	1083	5.20351273474929	6.79648726525085
36	WGN63	6.00000000000007	0.405924359659837	1083	5.20351273474928	6.79648726525086
37	WGN63	6.00000000000007	0.405924359659835	1083	5.20351273474929	6.79648726525085
38	WGN63	6.11485239852406	0.574196114237916	1083	4.98818955638708	7.24151524066103
39	WGN63	7.11485239852406	0.574196114237918	1083	5.98818955638708	8.24151524066105
40	WGN63	6.00000000000007	0.405924359659834	1083	5.20351273474929	6.79648726525085
41	WGN63	6.00000000000007	0.405924359659834	1083	5.20351273474929	6.79648726525085
42	WGN63	5.50000000000007	0.405924359659835	1083	4.70351273474929	6.29648726525086
43	WGN63	6.00000000000007	0.405924359659835	1083	5.20351273474929	6.79648726525085
44	WGN63	5.50000000000006	0.405924359659838	1083	4.70351273474927	6.29648726525084
45	WGN63	7.50000000000006	0.405924359659834	1083	6.70351273474928	8.29648726525084
46	WGN63	6.00000000000007	0.405924359659835	1083	5.20351273474928	6.79648726525085
47	WGN63	6.00000000000007	0.405924359659835	1083	5.20351273474929	6.79648726525085
48	WGN63	6.00000000000007	0.405924359659835	1083	5.20351273474929	6.79648726525085
49	WGN63	6.00000000000007	0.405924359659833	1083	5.20351273474929	6.79648726525085
50	WGN63	6.00000000000007	0.405924359659834	1083	5.20351273474929	6.79648726525085
51	WGN63	6.00000000000007	0.405924359659834	1083	5.20351273474929	6.79648726525085
52	WGN63	6.00000000000007	0.405924359659835	1083	5.20351273474929	6.79648726525085
53	WGN63	6.00000000000007	0.405924359659833	1083	5.20351273474929	6.79648726525084
54	WGN63	6.00000000000007	0.405924359659835	1083	5.20351273474929	6.79648726525085
55	WGN63	6.50000000000007	0.405924359659835	1083	5.70351273474929	7.29648726525086
56	WGN63	5.50000000000007	0.405924359659835	1083	4.70351273474929	6.29648726525085
57	WGN63	8.00000000000008	0.405924359659835	1083	7.20351273474929	8.79648726525086
58	WGN63	6.00000000000007	0.405924359659835	1083	5.20351273474929	6.79648726525085
59	WGN63	6.00000000000007	0.405924359659835	1083	5.20351273474929	6.79648726525085
60	WGN63	6.50000000000007	0.405924359659834	1083	5.70351273474929	7.29648726525085
61	WGN63	7.00000000000007	0.405924359659835	1083	6.20351273474929	7.79648726525086
62	WGN63	6.00000000000007	0.405924359659835	1083	5.20351273474929	6.79648726525085
63	WGN63	5.88514760147609	0.574196114237915	1083	4.75848475933911	7.01181044361306
64	WGN63	6.00000000000007	0.405924359659837	1083	5.20351273474928	6.79648726525086
65	WGN63	6.00000000000007	0.405924359659836	1083	5.20351273474929	6.79648726525085
66	WGN63	6.00000000000007	0.405924359659837	1083	5.20351273474929	6.79648726525086
67	WGN63	6.00000000000007	0.405924359659835	1083	5.20351273474929	6.79648726525085
68	WGN63	6.00000000000007	0.405924359659835	1083	5.20351273474928	6.79648726525085
69	WGN63	6.00000000000006	0.405924359659836	1083	5.20351273474928	6.79648726525085
70	WGN63	6.50000000000007	0.405924359659834	1083	5.70351273474929	7.29648726525085
72	WGN63	6.00000000000007	0.405924359659834	1083	5.20351273474929	6.79648726525085
73	WGN63	6.00000000000007	0.405924359659833	1083	5.20351273474929	6.79648726525085
74	WGN63	6.50000000000007	0.405924359659835	1083	5.70351273474928	7.29648726525085
75	WGN63	7.00000000000007	0.405924359659834	1083	6.20351273474929	7.79648726525085
76	WGN63	6.50000000000006	0.405924359659835	1083	5.70351273474928	7.29648726525085
77	WGN63	5.50000000000008	0.405924359659834	1083	4.7035127347493	6.29648726525086
78	WGN63	5.50000000000007	0.405924359659836	1083	4.70351273474928	6.29648726525085
79	WGN63	7.00000000000006	0.405924359659833	1083	6.20351273474928	7.79648726525084
80	WGN63	6.00000000000007	0.405924359659834	1083	5.20351273474929	6.79648726525085
81	WGN63	6.50000000000007	0.405924359659834	1083	5.70351273474929	7.29648726525085
82	WGN63	6.50000000000007	0.405924359659835	1083	5.70351273474929	7.29648726525086
83	WGN63	6.50000000000007	0.405924359659834	1083	5.70351273474929	7.29648726525085
84	WGN63	6.00000000000007	0.405924359659835	1083	5.20351273474929	6.79648726525085
85	WGN63	6.50000000000007	0.405924359659835	1083	5.70351273474929	7.29648726525085
86	WGN63	6.00000000000007	0.405924359659833	1083	5.20351273474929	6.79648726525085
87	WGN63	6.00000000000007	0.405924359659833	1083	5.2035127347493	6.79648726525085
88	WGN63	8.00000000000006	0.405924359659833	1083	7.20351273474928	8.79648726525084
89	WGN63	6.00000000000007	0.405924359659834	1083	5.20351273474929	6.79648726525085
90	WGN63	7.11485239852405	0.574196114237916	1083	5.98818955638707	8.24151524066104
91	WGN63	5.50000000000007	0.405924359659835	1083	4.70351273474929	6.29648726525085
92	WGN63	6.00000000000007	0.405924359659835	1083	5.20351273474929	6.79648726525086
93	WGN63	6.50000000000007	0.405924359659834	1083	5.70351273474929	7.29648726525085
94	WGN63	7.00000000000008	0.405924359659835	1083	6.2035127347493	7.79648726525086
95	WGN63	6.50000000000007	0.405924359659834	1083	5.70351273474929	7.29648726525085
96	WGN63	5.50000000000006	0.405924359659834	1083	4.70351273474928	6.29648726525084
97	WGN63	6.00000000000007	0.405924359659834	1083	5.20351273474929	6.79648726525085
98	WGN63	5.88514760147609	0.574196114237916	1083	4.75848475933911	7.01181044361307
99	WGN63	5.88514760147609	0.574196114237917	1083	4.75848475933911	7.01181044361307
100	WGN63	6.00000000000007	0.405924359659834	1083	5.20351273474929	6.79648726525085
101	WGN63	6.88514760147609	0.574196114237916	1083	5.75848475933911	8.01181044361307
102	WGN63	6.00000000000007	0.405924359659835	1083	5.20351273474929	6.79648726525086
103	WGN63	6.50000000000007	0.405924359659834	1083	5.70351273474929	7.29648726525085
105	WGN63	6.00000000000007	0.405924359659835	1083	5.20351273474929	6.79648726525086
106	WGN63	5.00000000000007	0.405924359659834	1083	4.20351273474929	5.79648726525085
107	WGN63	6.00000000000007	0.405924359659834	1083	5.20351273474929	6.79648726525085
109	WGN63	6.00000000000007	0.405924359659834	1083	5.20351273474929	6.79648726525085
110	WGN63	7.11485239852406	0.574196114237917	1083	5.98818955638707	8.24151524066104
111	WGN63	6.00000000000007	0.405924359659835	1083	5.20351273474929	6.79648726525085
112	WGN63	7.50000000000007	0.405924359659834	1083	6.70351273474929	8.29648726525085
114	WGN63	7.00000000000007	0.405924359659834	1083	6.20351273474929	7.79648726525085
115	WGN63	7.50000000000007	0.405924359659835	1083	6.70351273474929	8.29648726525085
116	WGN63	8.00000000000007	0.405924359659834	1083	7.20351273474929	8.79648726525085
117	WGN63	6.50000000000007	0.405924359659834	1083	5.70351273474929	7.29648726525085
118	WGN63	6.00000000000007	0.405924359659835	1083	5.20351273474929	6.79648726525085
119	WGN63	7.50000000000007	0.405924359659834	1083	6.70351273474929	8.29648726525085
121	WGN63	6.00000000000007	0.405924359659834	1083	5.20351273474929	6.79648726525085
122	WGN63	6.00000000000007	0.405924359659834	1083	5.20351273474929	6.79648726525085
123	WGN63	6.00000000000007	0.405924359659834	1083	5.20351273474929	6.79648726525085
124	WGN63	6.00000000000007	0.405924359659834	1083	5.20351273474929	6.79648726525085
125	WGN63	6.11485239852405	0.574196114237917	1083	4.98818955638707	7.24151524066104
126	WGN63	5.50000000000007	0.405924359659834	1083	4.70351273474929	6.29648726525085
127	WGN63	6.00000000000007	0.405924359659834	1083	5.20351273474929	6.79648726525085
128	WGN63	5.50000000000007	0.405924359659834	1083	4.70351273474929	6.29648726525085
129	WGN63	6.00000000000007	0.405924359659834	1083	5.20351273474929	6.79648726525085
130	WGN63	6.00000000000007	0.405924359659834	1083	5.20351273474929	6.79648726525085
