plantID3	famID	emmean	SE	df	lower.CL	upper.CL
1	WGN07	5.00000000000104	0.501658587158355	1125	4.0157082767666	5.98429172323547
2	WGN07	5.99999999999996	0.501658587158482	1125	5.01570827676528	6.98429172323465
3	WGN07	5.00000000000053	0.501658587158494	1125	4.01570827676582	5.98429172323524
4	WGN07	4.99999999999993	0.501658587158508	1125	4.01570827676519	5.98429172323466
5	WGN07	7.00000000000004	0.501658587158517	1125	6.01570827676528	7.98429172323479
6	WGN07	4.00000000000002	0.501658587158504	1125	3.01570827676529	4.98429172323475
7	WGN07	4.99999999999997	0.501658587158491	1125	4.01570827676526	5.98429172323467
8	WGN07	8.00000000000009	0.501658587158493	1125	7.01570827676538	8.98429172323479
9	WGN07	7.50000000000018	0.501658587158505	1125	6.51570827676545	8.48429172323491
10	WGN07	5.50000000000007	0.501658587158494	1125	4.51570827676537	6.48429172323478
11	WGN07	7.00000000000019	0.501658587158512	1125	6.01570827676545	7.98429172323494
12	WGN07	5.49999999999999	0.501658587158502	1125	4.51570827676527	6.48429172323472
13	WGN07	7.50000000000005	0.501658587158499	1125	6.51570827676533	8.48429172323477
14	WGN07	5.50000000000009	0.501658587158502	1125	4.51570827676536	6.48429172323481
15	WGN07	7.50000000000007	0.501658587158501	1125	6.51570827676535	8.48429172323479
16	WGN07	5.50000000000008	0.501658587158492	1125	4.51570827676538	6.48429172323479
17	WGN07	8.50000000000011	0.501658587158508	1125	7.51570827676537	9.48429172323484
18	WGN07	8.00000000000004	0.501658587158499	1125	7.01570827676532	8.98429172323476
20	WGN07	5.91119005328622	0.709609876227744	1125	4.51888232493092	7.30349778164153
21	WGN07	8.50000000000019	0.501658587158518	1125	7.51570827676543	9.48429172323494
22	WGN07	4.50000000000005	0.50165858715851	1125	3.51570827676531	5.48429172323478
23	WGN07	5.50000000000007	0.501658587158505	1125	4.51570827676534	6.4842917232348
24	WGN07	8.00000000000019	0.5016585871585	1125	7.01570827676547	8.98429172323491
25	WGN07	7.00000000000008	0.501658587158505	1125	6.01570827676535	7.98429172323481
26	WGN07	6.50000000000011	0.501658587158498	1125	5.51570827676539	7.48429172323483
27	WGN07	5.99999999999998	0.501658587158482	1125	5.0157082767653	6.98429172323467
28	WGN07	6.50000000000007	0.501658587158507	1125	5.51570827676534	7.48429172323481
29	WGN07	6.00000000000006	0.501658587158502	1125	5.01570827676533	6.98429172323478
30	WGN07	5.50000000000007	0.5016585871585	1125	4.51570827676535	6.48429172323479
31	WGN07	6.50000000000013	0.501658587158514	1125	5.51570827676539	7.48429172323488
32	WGN07	7.49999999999994	0.501658587158499	1125	6.51570827676522	8.48429172323466
33	WGN07	5.50000000000012	0.501658587158502	1125	4.51570827676539	6.48429172323484
34	WGN07	6.00000000000012	0.50165858715851	1125	5.01570827676538	6.98429172323486
35	WGN07	5.50000000000006	0.501658587158506	1125	4.51570827676533	6.48429172323479
36	WGN07	4.49999999999999	0.501658587158494	1125	3.51570827676529	5.4842917232347
37	WGN07	6.50000000000005	0.501658587158495	1125	5.51570827676534	7.48429172323476
38	WGN07	6.00000000000005	0.501658587158497	1125	5.01570827676534	6.98429172323477
39	WGN07	7.00000000000008	0.501658587158502	1125	6.01570827676536	7.98429172323481
40	WGN07	5.50000000000009	0.501658587158505	1125	4.51570827676536	6.48429172323482
41	WGN07	5.00000000000006	0.50165858715851	1125	4.01570827676532	5.9842917232348
42	WGN07	6.50000000000012	0.501658587158508	1125	5.51570827676538	7.48429172323485
44	WGN07	5.00000000000006	0.50165858715849	1125	4.01570827676536	5.98429172323476
46	WGN07	6.5000000000001	0.501658587158493	1125	5.5157082767654	7.48429172323481
47	WGN07	8.50000000000004	0.501658587158497	1125	7.51570827676533	9.48429172323475
48	WGN07	5.5000000000001	0.501658587158492	1125	4.51570827676539	6.4842917232348
49	WGN07	6.50000000000022	0.50165858715852	1125	5.51570827676546	7.48429172323498
50	WGN07	8.00000000000007	0.501658587158498	1125	7.01570827676535	8.98429172323478
51	WGN07	7.0000000000001	0.501658587158499	1125	6.01570827676538	7.98429172323481
52	WGN07	5.50000000000004	0.501658587158501	1125	4.51570827676531	6.48429172323476
53	WGN07	6.50000000000002	0.501658587158498	1125	5.51570827676531	7.48429172323474
54	WGN07	5.50000000000004	0.501658587158498	1125	4.51570827676532	6.48429172323475
55	WGN07	5.50000000000013	0.5016585871585	1125	4.51570827676541	6.48429172323485
56	WGN07	5.00000000000009	0.501658587158497	1125	4.01570827676537	5.9842917232348
57	WGN07	7.50000000000003	0.5016585871585	1125	6.51570827676531	8.48429172323475
58	WGN07	6.00000000000012	0.501658587158491	1125	5.01570827676541	6.98429172323482
59	WGN07	5.00000000000002	0.5016585871585	1125	4.0157082767653	5.98429172323474
60	WGN07	6.5000000000001	0.501658587158506	1125	5.51570827676537	7.48429172323483
61	WGN07	6.50000000000009	0.501658587158502	1125	5.51570827676537	7.48429172323482
63	WGN07	5.50000000000007	0.50165858715848	1125	4.51570827676538	6.48429172323475
64	WGN07	5.50000000000009	0.501658587158506	1125	4.51570827676536	6.48429172323482
66	WGN07	6.50000000000006	0.501658587158502	1125	5.51570827676534	7.48429172323478
67	WGN07	3.00000000000003	0.501658587158511	1125	2.01570827676529	3.98429172323477
68	WGN07	5.0000000000001	0.501658587158499	1125	4.01570827676538	5.98429172323482
69	WGN07	6.91119005328597	0.709609876227727	1125	5.5188823249307	8.30349778164124
71	WGN07	6.50000000000007	0.501658587158504	1125	5.51570827676535	7.4842917232348
73	WGN07	6.50000000000008	0.501658587158494	1125	5.51570827676537	7.48429172323479
74	WGN07	8.50000000000008	0.501658587158499	1125	7.51570827676536	9.48429172323479
75	WGN07	5.50000000000005	0.501658587158505	1125	4.51570827676532	6.48429172323478
76	WGN07	6.50000000000007	0.501658587158506	1125	5.51570827676534	7.48429172323481
77	WGN07	5.00000000000006	0.501658587158497	1125	4.01570827676534	5.98429172323477
78	WGN07	5.00000000000008	0.501658587158493	1125	4.01570827676538	5.98429172323479
79	WGN07	8.00000000000006	0.501658587158499	1125	7.01570827676534	8.98429172323478
80	WGN07	6.50000000000008	0.501658587158504	1125	5.51570827676535	7.48429172323481
81	WGN07	4.50000000000015	0.5016585871585	1125	3.51570827676543	5.48429172323487
82	WGN07	6.50000000000013	0.501658587158515	1125	5.51570827676538	7.48429172323488
83	WGN07	7.00000000000009	0.501658587158508	1125	6.01570827676535	7.98429172323482
84	WGN07	5.00000000000008	0.501658587158509	1125	4.01570827676535	5.98429172323482
85	WGN07	7.50000000000012	0.501658587158506	1125	6.51570827676539	8.48429172323485
86	WGN07	7.00000000000012	0.5016585871585	1125	6.0157082767654	7.98429172323483
87	WGN07	8.00000000000001	0.501658587158494	1125	7.0157082767653	8.98429172323472
88	WGN07	7.5000000000001	0.501658587158506	1125	6.51570827676537	8.48429172323484
89	WGN07	5.00000000000011	0.501658587158505	1125	4.01570827676538	5.98429172323484
90	WGN07	6.00000000000009	0.501658587158508	1125	5.01570827676535	6.98429172323482
91	WGN07	7.00000000000016	0.501658587158511	1125	6.01570827676542	7.98429172323491
92	WGN07	6.08880994671407	0.709609876227736	1125	4.69650221835878	7.48111767506936
93	WGN07	5.00000000000008	0.501658587158493	1125	4.01570827676537	5.98429172323479
94	WGN07	6.00000000000014	0.501658587158504	1125	5.01570827676542	6.98429172323487
95	WGN07	5.50000000000019	0.501658587158492	1125	4.51570827676548	6.48429172323489
96	WGN07	6.50000000000007	0.501658587158502	1125	5.51570827676534	7.48429172323479
97	WGN07	7.91119005328611	0.709609876227765	1125	6.51888232493077	9.30349778164146
98	WGN07	9.00000000000011	0.501658587158504	1125	8.01570827676538	9.98429172323484
99	WGN07	8.00000000000011	0.501658587158503	1125	7.01570827676539	8.98429172323484
100	WGN07	7.00000000000006	0.501658587158505	1125	6.01570827676532	7.98429172323479
101	WGN07	5.50000000000009	0.501658587158509	1125	4.51570827676535	6.48429172323483
102	WGN07	6.00000000000013	0.501658587158507	1125	5.0157082767654	6.98429172323486
103	WGN07	5.50000000000008	0.501658587158498	1125	4.51570827676536	6.48429172323479
104	WGN07	7.0000000000001	0.501658587158509	1125	6.01570827676536	7.98429172323483
105	WGN07	8.5000000000001	0.501658587158506	1125	7.51570827676537	9.48429172323483
106	WGN07	5.50000000000008	0.501658587158503	1125	4.51570827676535	6.48429172323481
107	WGN07	6.50000000000009	0.5016585871585	1125	5.51570827676537	7.48429172323481
108	WGN07	7.50000000000014	0.501658587158508	1125	6.5157082767654	8.48429172323488
109	WGN07	5.08880994671413	0.709609876227737	1125	3.69650221835884	6.48111767506942
110	WGN07	5.5000000000001	0.501658587158491	1125	4.51570827676539	6.4842917232348
112	WGN07	7.50000000000009	0.501658587158504	1125	6.51570827676536	8.48429172323482
113	WGN07	5.00000000000009	0.501658587158492	1125	4.01570827676539	5.9842917232348
114	WGN07	6.00000000000005	0.501658587158497	1125	5.01570827676534	6.98429172323476
115	WGN07	6.00000000000008	0.501658587158496	1125	5.01570827676537	6.98429172323479
116	WGN07	6.00000000000012	0.501658587158507	1125	5.01570827676539	6.98429172323485
117	WGN07	8.00000000000006	0.501658587158502	1125	7.01570827676534	8.98429172323478
118	WGN07	6.50000000000009	0.501658587158502	1125	5.51570827676536	7.48429172323481
119	WGN07	6.00000000000005	0.5016585871585	1125	5.01570827676533	6.98429172323477
120	WGN07	7.00000000000003	0.501658587158492	1125	6.01570827676533	7.98429172323474
121	WGN07	6.00000000000008	0.501658587158498	1125	5.01570827676537	6.9842917232348
122	WGN07	7.91119005328601	0.709609876227745	1125	6.51888232493071	9.30349778164132
123	WGN07	5.50000000000008	0.501658587158496	1125	4.51570827676537	6.48429172323479
124	WGN07	8.00000000000008	0.501658587158505	1125	7.01570827676535	8.98429172323481
125	WGN07	7.00000000000005	0.501658587158499	1125	6.01570827676533	7.98429172323477
126	WGN07	6.00000000000006	0.501658587158486	1125	5.01570827676536	6.98429172323475
127	WGN07	5.00000000000006	0.501658587158497	1125	4.01570827676535	5.98429172323478
128	WGN07	6.50000000000007	0.501658587158495	1125	5.51570827676536	7.48429172323478
129	WGN07	6.50000000000012	0.501658587158505	1125	5.51570827676539	7.48429172323485
130	WGN07	4.50000000000016	0.501658587158496	1125	3.51570827676544	5.48429172323487
1	WGN15	5.49999999999997	0.501658587158489	1125	4.51570827676528	6.48429172323467
2	WGN15	5.50000000000003	0.501658587158499	1125	4.51570827676531	6.48429172323475
3	WGN15	5.00000000000005	0.501658587158508	1125	4.01570827676531	5.98429172323478
4	WGN15	4.50000000000003	0.501658587158504	1125	3.5157082767653	5.48429172323475
5	WGN15	6.5	0.501658587158505	1125	5.51570827676526	7.48429172323473
7	WGN15	4.50000000000002	0.501658587158501	1125	3.51570827676529	5.48429172323474
8	WGN15	4.50000000000001	0.501658587158511	1125	3.51570827676527	5.48429172323475
9	WGN15	5.00000000000002	0.5016585871585	1125	4.0157082767653	5.98429172323474
10	WGN15	4.50000000000004	0.501658587158501	1125	3.51570827676532	5.48429172323476
11	WGN15	5.50000000000002	0.501658587158509	1125	4.51570827676528	6.48429172323476
12	WGN15	5.00000000000001	0.501658587158511	1125	4.01570827676526	5.98429172323475
13	WGN15	6.00000000000004	0.501658587158502	1125	5.01570827676532	6.98429172323477
14	WGN15	5.50000000000004	0.501658587158516	1125	4.51570827676529	6.4842917232348
15	WGN15	5.00000000000004	0.501658587158505	1125	4.01570827676531	5.98429172323477
16	WGN15	5.00000000000002	0.5016585871585	1125	4.0157082767653	5.98429172323474
17	WGN15	5.50000000000007	0.501658587158498	1125	4.51570827676536	6.48429172323479
18	WGN15	5.00000000000009	0.501658587158496	1125	4.01570827676538	5.9842917232348
19	WGN15	7.00000000000013	0.501658587158512	1125	6.01570827676539	7.98429172323487
20	WGN15	5.00000000000001	0.501658587158505	1125	4.01570827676528	5.98429172323474
21	WGN15	5.00000000000003	0.501658587158497	1125	4.01570827676531	5.98429172323474
22	WGN15	5.00000000000003	0.501658587158508	1125	4.0157082767653	5.98429172323477
23	WGN15	6.00000000000003	0.501658587158494	1125	5.01570827676533	6.98429172323474
24	WGN15	4.50000000000004	0.501658587158506	1125	3.51570827676531	5.48429172323478
25	WGN15	5.50000000000005	0.501658587158508	1125	4.51570827676532	6.48429172323479
26	WGN15	3.49999999999999	0.501658587158508	1125	2.51570827676526	4.48429172323473
27	WGN15	5.50000000000006	0.501658587158486	1125	4.51570827676537	6.48429172323476
28	WGN15	5.50000000000002	0.501658587158497	1125	4.5157082767653	6.48429172323473
29	WGN15	5.00000000000002	0.501658587158511	1125	4.01570827676528	5.98429172323476
30	WGN15	5.00000000000005	0.5016585871585	1125	4.01570827676533	5.98429172323477
31	WGN15	4.50000000000004	0.5016585871585	1125	3.51570827676532	5.48429172323476
32	WGN15	5.00000000000005	0.501658587158498	1125	4.01570827676534	5.98429172323477
33	WGN15	5.00000000000004	0.501658587158499	1125	4.01570827676532	5.98429172323476
34	WGN15	5.00000000000004	0.501658587158505	1125	4.01570827676531	5.98429172323477
35	WGN15	5.50000000000001	0.501658587158495	1125	4.5157082767653	6.48429172323472
36	WGN15	5.00000000000003	0.501658587158501	1125	4.01570827676531	5.98429172323476
37	WGN15	5.00000000000006	0.501658587158505	1125	4.01570827676533	5.98429172323479
38	WGN15	4.00000000000003	0.501658587158502	1125	3.01570827676531	4.98429172323476
39	WGN15	5.00000000000009	0.501658587158493	1125	4.01570827676538	5.98429172323479
40	WGN15	4.00000000000013	0.5016585871585	1125	3.01570827676541	4.98429172323485
41	WGN15	4.50000000000003	0.501658587158501	1125	3.51570827676531	5.48429172323475
43	WGN15	4.49999999999998	0.501658587158499	1125	3.51570827676527	5.4842917232347
44	WGN15	5.00000000000006	0.501658587158491	1125	4.01570827676536	5.98429172323476
45	WGN15	5.50000000000005	0.501658587158502	1125	4.51570827676533	6.48429172323478
46	WGN15	4.49999999999999	0.501658587158504	1125	3.51570827676526	5.48429172323472
47	WGN15	4.00000000000004	0.501658587158503	1125	3.01570827676532	4.98429172323477
48	WGN15	5.00000000000006	0.5016585871585	1125	4.01570827676533	5.98429172323478
50	WGN15	5.50000000000009	0.501658587158488	1125	4.5157082767654	6.48429172323479
51	WGN15	4.50000000000002	0.501658587158499	1125	3.5157082767653	5.48429172323474
52	WGN15	5.00000000000003	0.501658587158498	1125	4.01570827676532	5.98429172323475
53	WGN15	4.00000000000003	0.501658587158501	1125	3.01570827676531	4.98429172323475
54	WGN15	6.00000000000006	0.501658587158502	1125	5.01570827676533	6.98429172323478
55	WGN15	5.5	0.501658587158501	1125	4.51570827676528	6.48429172323472
56	WGN15	5.50000000000001	0.501658587158502	1125	4.51570827676529	6.48429172323474
57	WGN15	5.00000000000006	0.5016585871585	1125	4.01570827676534	5.98429172323478
58	WGN15	4.99999999999999	0.501658587158502	1125	4.01570827676526	5.98429172323472
59	WGN15	5.00000000000005	0.501658587158496	1125	4.01570827676534	5.98429172323477
60	WGN15	5.00000000000005	0.501658587158498	1125	4.01570827676534	5.98429172323477
61	WGN15	6.50000000000014	0.501658587158509	1125	5.5157082767654	7.48429172323488
62	WGN15	6.00000000000005	0.5016585871585	1125	5.01570827676533	6.98429172323477
63	WGN15	5.00000000000006	0.501658587158498	1125	4.01570827676534	5.98429172323477
64	WGN15	5.50000000000003	0.501658587158501	1125	4.51570827676531	6.48429172323475
65	WGN15	4.00000000000006	0.501658587158505	1125	3.01570827676534	4.98429172323479
66	WGN15	4.50000000000012	0.501658587158495	1125	3.51570827676541	5.48429172323483
67	WGN15	6.50000000000002	0.501658587158497	1125	5.51570827676531	7.48429172323474
68	WGN15	5.00000000000006	0.501658587158502	1125	4.01570827676533	5.98429172323478
69	WGN15	5.99999999999998	0.501658587158511	1125	5.01570827676524	6.98429172323472
70	WGN15	6.00000000000011	0.501658587158512	1125	5.01570827676537	6.98429172323485
71	WGN15	5.00000000000004	0.501658587158507	1125	4.0157082767653	5.98429172323477
72	WGN15	5.00000000000007	0.501658587158503	1125	4.01570827676535	5.9842917232348
73	WGN15	6.00000000000004	0.501658587158502	1125	5.01570827676531	6.98429172323476
74	WGN15	5.50000000000004	0.501658587158498	1125	4.51570827676532	6.48429172323476
75	WGN15	5.50000000000006	0.501658587158503	1125	4.51570827676534	6.48429172323479
77	WGN15	5.00000000000006	0.501658587158495	1125	4.01570827676535	5.98429172323477
78	WGN15	4.50000000000005	0.501658587158502	1125	3.51570827676533	5.48429172323477
79	WGN15	4.50000000000002	0.501658587158499	1125	3.51570827676531	5.48429172323474
80	WGN15	4.00000000000004	0.501658587158503	1125	3.01570827676532	4.98429172323477
81	WGN15	5.00000000000007	0.501658587158497	1125	4.01570827676536	5.98429172323479
82	WGN15	3.5000000000001	0.501658587158498	1125	2.51570827676538	4.48429172323482
83	WGN15	4.50000000000004	0.501658587158498	1125	3.51570827676533	5.48429172323476
84	WGN15	6.50000000000008	0.501658587158507	1125	5.51570827676534	7.48429172323481
85	WGN15	6.50000000000003	0.501658587158501	1125	5.51570827676531	7.48429172323475
86	WGN15	4.50000000000007	0.5016585871585	1125	3.51570827676535	5.48429172323479
87	WGN15	5.50000000000001	0.501658587158493	1125	4.5157082767653	6.48429172323471
88	WGN15	5.00000000000003	0.501658587158507	1125	4.0157082767653	5.98429172323477
89	WGN15	5.49999999999993	0.501658587158509	1125	4.51570827676519	6.48429172323466
90	WGN15	5.50000000000007	0.501658587158498	1125	4.51570827676535	6.48429172323478
91	WGN15	5.50000000000004	0.501658587158502	1125	4.51570827676531	6.48429172323476
92	WGN15	5.00000000000006	0.501658587158501	1125	4.01570827676534	5.98429172323478
93	WGN15	5.00000000000007	0.501658587158497	1125	4.01570827676535	5.98429172323478
94	WGN15	5.50000000000003	0.501658587158501	1125	4.51570827676531	6.48429172323475
95	WGN15	5.00000000000004	0.501658587158501	1125	4.01570827676532	5.98429172323476
96	WGN15	3.91119005328609	0.709609876227754	1125	2.51888232493076	5.30349778164141
97	WGN15	5.00000000000006	0.501658587158504	1125	4.01570827676533	5.98429172323478
98	WGN15	4.50000000000005	0.501658587158495	1125	3.51570827676534	5.48429172323476
99	WGN15	7.50000000000003	0.5016585871585	1125	6.51570827676531	8.48429172323475
100	WGN15	5.00000000000002	0.501658587158509	1125	4.01570827676529	5.98429172323476
101	WGN15	8.00000000000003	0.501658587158499	1125	7.01570827676531	8.98429172323474
102	WGN15	5.50000000000007	0.501658587158499	1125	4.51570827676535	6.48429172323479
103	WGN15	5.00000000000006	0.501658587158503	1125	4.01570827676533	5.98429172323479
104	WGN15	3.00000000000008	0.501658587158499	1125	2.01570827676536	3.98429172323479
106	WGN15	4.50000000000005	0.501658587158497	1125	3.51570827676534	5.48429172323477
107	WGN15	5.00000000000005	0.501658587158501	1125	4.01570827676533	5.98429172323477
108	WGN15	5.00000000000003	0.501658587158505	1125	4.0157082767653	5.98429172323476
109	WGN15	5.00000000000003	0.501658587158498	1125	4.01570827676531	5.98429172323475
110	WGN15	6.00000000000004	0.501658587158504	1125	5.01570827676531	6.98429172323477
111	WGN15	5.0000000000001	0.501658587158494	1125	4.01570827676539	5.9842917232348
112	WGN15	4.50000000000006	0.501658587158497	1125	3.51570827676535	5.48429172323478
113	WGN15	5.00000000000001	0.501658587158497	1125	4.01570827676529	5.98429172323472
114	WGN15	5.00000000000008	0.501658587158499	1125	4.01570827676536	5.98429172323479
115	WGN15	5.00000000000004	0.501658587158498	1125	4.01570827676533	5.98429172323476
116	WGN15	4.00000000000002	0.5016585871585	1125	3.0157082767653	4.98429172323474
117	WGN15	5.00000000000004	0.501658587158499	1125	4.01570827676532	5.98429172323476
118	WGN15	5.00000000000004	0.501658587158506	1125	4.0157082767653	5.98429172323477
119	WGN15	5.50000000000017	0.501658587158504	1125	4.51570827676544	6.48429172323489
120	WGN15	6.00000000000006	0.501658587158503	1125	5.01570827676533	6.98429172323478
121	WGN15	4.50000000000005	0.501658587158498	1125	3.51570827676533	5.48429172323477
122	WGN15	4.00000000000004	0.501658587158502	1125	3.01570827676531	4.98429172323477
123	WGN15	5.5	0.501658587158507	1125	4.51570827676526	6.48429172323473
124	WGN15	5.00000000000003	0.501658587158502	1125	4.01570827676531	5.98429172323476
125	WGN15	5.00000000000003	0.501658587158502	1125	4.01570827676531	5.98429172323476
126	WGN15	5.00000000000004	0.501658587158499	1125	4.01570827676532	5.98429172323476
127	WGN15	5.50000000000004	0.501658587158497	1125	4.51570827676533	6.48429172323476
128	WGN15	6.00000000000007	0.501658587158506	1125	5.01570827676534	6.98429172323481
129	WGN15	3.00000000000002	0.501658587158502	1125	2.01570827676529	3.98429172323474
130	WGN15	5.50000000000006	0.501658587158506	1125	4.51570827676532	6.48429172323479
1	WGN26	5.00000000000009	0.501658587158531	1125	4.0157082767653	5.98429172323487
3	WGN26	5.00000000000008	0.501658587158498	1125	4.01570827676537	5.9842917232348
4	WGN26	5.00000000000007	0.501658587158495	1125	4.01570827676536	5.98429172323478
5	WGN26	5.00000000000007	0.501658587158499	1125	4.01570827676535	5.98429172323479
6	WGN26	5.00000000000006	0.5016585871585	1125	4.01570827676534	5.98429172323478
7	WGN26	5.00000000000008	0.501658587158502	1125	4.01570827676536	5.98429172323481
8	WGN26	5.50000000000007	0.501658587158498	1125	4.51570827676536	6.48429172323479
9	WGN26	4.50000000000005	0.5016585871585	1125	3.51570827676533	5.48429172323477
10	WGN26	5.00000000000007	0.501658587158501	1125	4.01570827676534	5.98429172323479
11	WGN26	5.50000000000007	0.501658587158501	1125	4.51570827676535	6.4842917232348
12	WGN26	6.5000000000001	0.501658587158505	1125	5.51570827676537	7.48429172323483
13	WGN26	6.50000000000007	0.501658587158499	1125	5.51570827676535	7.48429172323478
14	WGN26	7.50000000000002	0.501658587158494	1125	6.51570827676531	8.48429172323472
15	WGN26	5.00000000000008	0.501658587158497	1125	4.01570827676536	5.9842917232348
17	WGN26	6.50000000000008	0.501658587158502	1125	5.51570827676535	7.4842917232348
18	WGN26	6.50000000000009	0.501658587158501	1125	5.51570827676536	7.48429172323481
19	WGN26	5.50000000000006	0.501658587158495	1125	4.51570827676535	6.48429172323477
20	WGN26	4.91119005328602	0.709609876227751	1125	3.5188823249307	6.30349778164133
21	WGN26	5.50000000000008	0.501658587158496	1125	4.51570827676537	6.48429172323479
22	WGN26	6.00000000000004	0.501658587158505	1125	5.01570827676531	6.98429172323477
23	WGN26	5.50000000000002	0.501658587158503	1125	4.5157082767653	6.48429172323475
24	WGN26	6.00000000000009	0.501658587158507	1125	5.01570827676536	6.98429172323483
25	WGN26	5.00000000000007	0.501658587158502	1125	4.01570827676534	5.98429172323479
26	WGN26	4.50000000000008	0.501658587158493	1125	3.51570827676537	5.48429172323479
27	WGN26	4.0000000000001	0.501658587158495	1125	3.01570827676539	4.98429172323481
28	WGN26	5.00000000000007	0.501658587158515	1125	4.01570827676532	5.98429172323482
29	WGN26	5.00000000000008	0.501658587158495	1125	4.01570827676537	5.98429172323479
30	WGN26	4.50000000000006	0.501658587158502	1125	3.51570827676534	5.48429172323479
31	WGN26	6.50000000000006	0.501658587158495	1125	5.51570827676535	7.48429172323477
32	WGN26	5.50000000000003	0.501658587158498	1125	4.51570827676532	6.48429172323475
33	WGN26	5.0888099467141	0.709609876227759	1125	3.69650221835876	6.48111767506943
34	WGN26	7.00000000000004	0.501658587158496	1125	6.01570827676533	7.98429172323475
35	WGN26	5.50000000000006	0.501658587158498	1125	4.51570827676535	6.48429172323478
36	WGN26	8.00000000000008	0.501658587158501	1125	7.01570827676535	8.9842917232348
38	WGN26	5.50000000000007	0.501658587158498	1125	4.51570827676535	6.48429172323478
39	WGN26	8.00000000000003	0.501658587158496	1125	7.01570827676532	8.98429172323475
40	WGN26	4.50000000000007	0.501658587158499	1125	3.51570827676535	5.48429172323479
41	WGN26	5.00000000000007	0.501658587158503	1125	4.01570827676535	5.9842917232348
42	WGN26	8.00000000000011	0.501658587158502	1125	7.01570827676539	8.98429172323484
43	WGN26	5.00000000000006	0.501658587158497	1125	4.01570827676535	5.98429172323477
44	WGN26	8.00000000000007	0.5016585871585	1125	7.01570827676535	8.98429172323479
45	WGN26	6.00000000000008	0.501658587158503	1125	5.01570827676535	6.9842917232348
46	WGN26	5.00000000000007	0.501658587158503	1125	4.01570827676534	5.98429172323479
47	WGN26	3.91119005328605	0.709609876227752	1125	2.51888232493073	5.30349778164137
48	WGN26	4.50000000000005	0.501658587158501	1125	3.51570827676533	5.48429172323477
49	WGN26	5.00000000000007	0.501658587158504	1125	4.01570827676534	5.9842917232348
50	WGN26	7.9999999999999	0.501658587158488	1125	7.01570827676521	8.9842917232346
51	WGN26	7.00000000000002	0.501658587158492	1125	6.01570827676531	7.98429172323472
52	WGN26	5.5000000000001	0.501658587158504	1125	4.51570827676537	6.48429172323483
53	WGN26	7.50000000000005	0.501658587158499	1125	6.51570827676533	8.48429172323477
54	WGN26	6.00000000000007	0.501658587158498	1125	5.01570827676536	6.98429172323479
55	WGN26	8.00000000000004	0.501658587158498	1125	7.01570827676532	8.98429172323475
56	WGN26	7.00000000000008	0.5016585871585	1125	6.01570827676535	7.9842917232348
57	WGN26	4.50000000000005	0.50165858715851	1125	3.51570827676532	5.48429172323479
58	WGN26	5.00000000000007	0.5016585871585	1125	4.01570827676535	5.98429172323479
59	WGN26	6.08880994671406	0.709609876227746	1125	4.69650221835876	7.48111767506937
60	WGN26	7.50000000000007	0.501658587158497	1125	6.51570827676536	8.48429172323479
61	WGN26	3.91119005328602	0.709609876227753	1125	2.5188823249307	5.30349778164135
62	WGN26	6.00000000000008	0.501658587158503	1125	5.01570827676536	6.98429172323481
64	WGN26	5.50000000000008	0.501658587158499	1125	4.51570827676536	6.48429172323479
65	WGN26	5.08880994671412	0.709609876227753	1125	3.6965022183588	6.48111767506944
66	WGN26	5.50000000000006	0.501658587158498	1125	4.51570827676535	6.48429172323478
67	WGN26	5.00000000000006	0.501658587158503	1125	4.01570827676534	5.98429172323479
68	WGN26	5.50000000000011	0.501658587158504	1125	4.51570827676538	6.48429172323484
69	WGN26	7.00000000000005	0.501658587158503	1125	6.01570827676533	7.98429172323478
70	WGN26	7.50000000000011	0.501658587158498	1125	6.51570827676539	8.48429172323483
71	WGN26	5.00000000000007	0.501658587158492	1125	4.01570827676536	5.98429172323477
72	WGN26	5.50000000000006	0.501658587158502	1125	4.51570827676534	6.48429172323479
73	WGN26	6.50000000000009	0.501658587158502	1125	5.51570827676537	7.48429172323482
74	WGN26	5.50000000000014	0.501658587158508	1125	4.51570827676541	6.48429172323488
75	WGN26	6.50000000000007	0.501658587158498	1125	5.51570827676535	7.48429172323478
76	WGN26	4.91119005328606	0.709609876227748	1125	3.51888232493074	6.30349778164137
77	WGN26	5.00000000000008	0.5016585871585	1125	4.01570827676536	5.9842917232348
78	WGN26	5.00000000000006	0.501658587158498	1125	4.01570827676534	5.98429172323478
79	WGN26	4.50000000000003	0.501658587158504	1125	3.5157082767653	5.48429172323476
80	WGN26	6.00000000000008	0.501658587158498	1125	5.01570827676536	6.98429172323479
81	WGN26	7.00000000000006	0.501658587158498	1125	6.01570827676534	7.98429172323477
82	WGN26	6.00000000000003	0.501658587158496	1125	5.01570827676531	6.98429172323474
83	WGN26	6.50000000000007	0.501658587158499	1125	5.51570827676535	7.48429172323479
85	WGN26	5.50000000000006	0.501658587158491	1125	4.51570827676535	6.48429172323476
86	WGN26	3.91119005328601	0.709609876227755	1125	2.51888232493068	5.30349778164133
87	WGN26	6.50000000000006	0.501658587158498	1125	5.51570827676535	7.48429172323478
88	WGN26	6.00000000000007	0.501658587158502	1125	5.01570827676534	6.98429172323479
89	WGN26	8.0000000000001	0.501658587158498	1125	7.01570827676538	8.98429172323482
90	WGN26	5.00000000000004	0.501658587158494	1125	4.01570827676534	5.98429172323475
91	WGN26	6.00000000000005	0.501658587158495	1125	5.01570827676534	6.98429172323476
92	WGN26	5.00000000000006	0.501658587158503	1125	4.01570827676533	5.98429172323478
93	WGN26	5.00000000000007	0.501658587158502	1125	4.01570827676534	5.98429172323479
94	WGN26	6.00000000000008	0.501658587158503	1125	5.01570827676536	6.98429172323481
95	WGN26	6.50000000000008	0.501658587158501	1125	5.51570827676535	7.4842917232348
96	WGN26	5.50000000000006	0.501658587158504	1125	4.51570827676533	6.48429172323478
97	WGN26	5.50000000000009	0.5016585871585	1125	4.51570827676537	6.48429172323481
98	WGN26	5.50000000000008	0.501658587158505	1125	4.51570827676535	6.48429172323481
99	WGN26	5.50000000000009	0.501658587158499	1125	4.51570827676537	6.48429172323481
100	WGN26	6.00000000000003	0.501658587158504	1125	5.0157082767653	6.98429172323476
101	WGN26	5.00000000000007	0.501658587158503	1125	4.01570827676534	5.98429172323479
102	WGN26	5.00000000000004	0.501658587158501	1125	4.01570827676532	5.98429172323477
103	WGN26	5.50000000000007	0.501658587158499	1125	4.51570827676535	6.48429172323478
104	WGN26	5.00000000000006	0.501658587158503	1125	4.01570827676533	5.98429172323478
105	WGN26	7.50000000000007	0.501658587158495	1125	6.51570827676536	8.48429172323478
106	WGN26	8.0888099467141	0.709609876227755	1125	6.69650221835878	9.48111767506943
108	WGN26	7.91119005328602	0.709609876227754	1125	6.5188823249307	9.30349778164135
109	WGN26	5.50000000000007	0.501658587158501	1125	4.51570827676535	6.48429172323479
111	WGN26	6.00000000000007	0.501658587158497	1125	5.01570827676535	6.98429172323478
112	WGN26	5.50000000000005	0.501658587158502	1125	4.51570827676532	6.48429172323477
113	WGN26	5.50000000000008	0.5016585871585	1125	4.51570827676536	6.4842917232348
114	WGN26	5.00000000000007	0.501658587158501	1125	4.01570827676534	5.98429172323479
115	WGN26	5.50000000000006	0.501658587158503	1125	4.51570827676534	6.48429172323479
116	WGN26	6.08880994671412	0.709609876227753	1125	4.69650221835879	7.48111767506944
117	WGN26	4.50000000000008	0.501658587158498	1125	3.51570827676536	5.4842917232348
118	WGN26	5.00000000000005	0.501658587158504	1125	4.01570827676533	5.98429172323478
119	WGN26	5.00000000000006	0.5016585871585	1125	4.01570827676534	5.98429172323478
120	WGN26	4.50000000000008	0.501658587158506	1125	3.51570827676534	5.48429172323481
121	WGN26	6.50000000000008	0.501658587158505	1125	5.51570827676535	7.48429172323481
122	WGN26	6.50000000000009	0.5016585871585	1125	5.51570827676537	7.48429172323481
123	WGN26	5.50000000000007	0.501658587158501	1125	4.51570827676534	6.48429172323479
124	WGN26	5.91119005328603	0.709609876227752	1125	4.51888232493071	7.30349778164135
125	WGN26	7.50000000000006	0.501658587158501	1125	6.51570827676534	8.48429172323479
126	WGN26	6.08880994671408	0.709609876227739	1125	4.69650221835878	7.48111767506938
127	WGN26	6.00000000000005	0.501658587158499	1125	5.01570827676533	6.98429172323477
128	WGN26	8.08880994671417	0.709609876227765	1125	6.69650221835882	9.48111767506951
129	WGN26	5.00000000000006	0.501658587158497	1125	4.01570827676535	5.98429172323477
130	WGN26	8.00000000000007	0.501658587158501	1125	7.01570827676535	8.98429172323479
1	WGN36	8.08880994671429	0.709609876227756	1125	6.69650221835896	9.48111767506961
2	WGN36	6.50000000000024	0.501658587158491	1125	5.51570827676553	7.48429172323494
4	WGN36	5.50000000000021	0.501658587158493	1125	4.51570827676551	6.48429172323492
5	WGN36	7.00000000000013	0.501658587158503	1125	6.01570827676541	7.98429172323486
6	WGN36	7.00000000000015	0.501658587158496	1125	6.01570827676544	7.98429172323487
7	WGN36	4.50000000000034	0.501658587158486	1125	3.51570827676565	5.48429172323503
8	WGN36	7.50000000000012	0.501658587158501	1125	6.51570827676539	8.48429172323484
9	WGN36	7.91119005328617	0.709609876227758	1125	6.51888232493083	9.3034977816415
10	WGN36	5.00000000000023	0.501658587158487	1125	4.01570827676554	5.98429172323493
11	WGN36	4.91119005328602	0.709609876227759	1125	3.51888232493069	6.30349778164136
12	WGN36	7.50000000000009	0.501658587158502	1125	6.51570827676537	8.48429172323482
13	WGN36	8.0000000000001	0.501658587158492	1125	7.0157082767654	8.98429172323481
14	WGN36	5.00000000000015	0.501658587158499	1125	4.01570827676543	5.98429172323487
15	WGN36	7.00000000000013	0.501658587158498	1125	6.01570827676542	7.98429172323485
16	WGN36	5.00000000000001	0.50165858715851	1125	4.01570827676527	5.98429172323475
17	WGN36	7.00000000000007	0.501658587158509	1125	6.01570827676533	7.98429172323481
18	WGN36	3.91119005328614	0.70960987622775	1125	2.51888232493083	5.30349778164146
19	WGN36	5.00000000000011	0.501658587158503	1125	4.01570827676539	5.98429172323484
20	WGN36	6.50000000000014	0.501658587158499	1125	5.51570827676542	7.48429172323486
21	WGN36	7.50000000000013	0.501658587158499	1125	6.51570827676542	8.48429172323485
22	WGN36	8.00000000000011	0.501658587158503	1125	7.01570827676539	8.98429172323484
23	WGN36	5.00000000000006	0.501658587158504	1125	4.01570827676534	5.98429172323479
24	WGN36	6.50000000000009	0.501658587158505	1125	5.51570827676536	7.48429172323482
26	WGN36	6.5000000000001	0.501658587158502	1125	5.51570827676538	7.48429172323483
27	WGN36	4.50000000000004	0.501658587158505	1125	3.51570827676531	5.48429172323477
28	WGN36	6.00000000000016	0.501658587158498	1125	5.01570827676544	6.98429172323488
30	WGN36	6.00000000000013	0.501658587158502	1125	5.01570827676541	6.98429172323485
31	WGN36	5.00000000000014	0.501658587158499	1125	4.01570827676542	5.98429172323486
32	WGN36	5.91119005328601	0.709609876227767	1125	4.51888232493066	7.30349778164137
33	WGN36	5.00000000000008	0.501658587158505	1125	4.01570827676535	5.98429172323481
34	WGN36	6.50000000000013	0.501658587158504	1125	5.5157082767654	7.48429172323486
35	WGN36	6.50000000000016	0.501658587158494	1125	5.51570827676545	7.48429172323487
36	WGN36	5.0000000000001	0.501658587158499	1125	4.01570827676538	5.98429172323482
37	WGN36	6.0888099467141	0.709609876227758	1125	4.69650221835876	7.48111767506943
38	WGN36	5.08880994671429	0.709609876227737	1125	3.696502218359	6.48111767506959
39	WGN36	5.00000000000021	0.501658587158497	1125	4.01570827676549	5.98429172323492
40	WGN36	4.50000000000021	0.501658587158494	1125	3.5157082767655	5.48429172323492
41	WGN36	7.00000000000009	0.5016585871585	1125	6.01570827676537	7.98429172323481
42	WGN36	7.00000000000008	0.501658587158499	1125	6.01570827676537	7.9842917232348
43	WGN36	7.00000000000011	0.501658587158508	1125	6.01570827676538	7.98429172323485
44	WGN36	4.50000000000029	0.501658587158495	1125	3.51570827676558	5.484291723235
45	WGN36	5.50000000000008	0.501658587158507	1125	4.51570827676534	6.48429172323481
46	WGN36	6.50000000000014	0.501658587158503	1125	5.51570827676542	7.48429172323487
47	WGN36	7.00000000000014	0.501658587158494	1125	6.01570827676543	7.98429172323485
48	WGN36	5.50000000000011	0.501658587158501	1125	4.51570827676539	6.48429172323483
49	WGN36	5.50000000000011	0.501658587158501	1125	4.51570827676539	6.48429172323483
51	WGN36	6.00000000000009	0.501658587158502	1125	5.01570827676537	6.98429172323482
52	WGN36	6.00000000000011	0.501658587158502	1125	5.01570827676538	6.98429172323483
53	WGN36	4.50000000000002	0.501658587158507	1125	3.51570827676528	5.48429172323475
54	WGN36	5.50000000000017	0.501658587158499	1125	4.51570827676545	6.48429172323489
55	WGN36	7.00000000000017	0.501658587158499	1125	6.01570827676545	7.98429172323488
56	WGN36	6.50000000000005	0.501658587158506	1125	5.51570827676532	7.48429172323479
57	WGN36	7.00000000000012	0.5016585871585	1125	6.0157082767654	7.98429172323484
58	WGN36	6.00000000000015	0.501658587158497	1125	5.01570827676544	6.98429172323487
59	WGN36	7.00000000000009	0.501658587158507	1125	6.01570827676536	7.98429172323482
60	WGN36	7.00000000000017	0.501658587158497	1125	6.01570827676545	7.98429172323488
62	WGN36	7.50000000000008	0.501658587158499	1125	6.51570827676536	8.4842917232348
64	WGN36	7.5000000000001	0.501658587158505	1125	6.51570827676537	8.48429172323483
65	WGN36	7.00000000000011	0.501658587158498	1125	6.01570827676539	7.98429172323482
66	WGN36	4.50000000000017	0.501658587158497	1125	3.51570827676546	5.48429172323489
68	WGN36	5.50000000000016	0.501658587158499	1125	4.51570827676545	6.48429172323488
69	WGN36	7.91119005328608	0.709609876227761	1125	6.51888232493074	9.30349778164141
70	WGN36	7.50000000000012	0.501658587158501	1125	6.5157082767654	8.48429172323484
71	WGN36	4.50000000000011	0.5016585871585	1125	3.51570827676539	5.48429172323483
72	WGN36	7.00000000000011	0.501658587158501	1125	6.01570827676539	7.98429172323484
74	WGN36	9.0000000000001	0.5016585871585	1125	8.01570827676538	9.98429172323482
75	WGN36	4.91119005328605	0.709609876227757	1125	3.51888232493072	6.30349778164138
76	WGN36	5.00000000000014	0.501658587158498	1125	4.01570827676542	5.98429172323485
77	WGN36	4.50000000000013	0.5016585871585	1125	3.51570827676541	5.48429172323485
78	WGN36	7.50000000000015	0.501658587158499	1125	6.51570827676543	8.48429172323487
79	WGN36	6.50000000000007	0.501658587158506	1125	5.51570827676534	7.4842917232348
80	WGN36	5.08880994671415	0.709609876227755	1125	3.69650221835883	6.48111767506948
81	WGN36	6.50000000000015	0.501658587158502	1125	5.51570827676542	7.48429172323487
82	WGN36	5.00000000000007	0.501658587158506	1125	4.01570827676533	5.9842917232348
83	WGN36	6.50000000000008	0.501658587158501	1125	5.51570827676536	7.48429172323481
84	WGN36	7.00000000000013	0.501658587158498	1125	6.01570827676541	7.98429172323484
85	WGN36	5.00000000000017	0.501658587158498	1125	4.01570827676546	5.98429172323489
86	WGN36	6.50000000000011	0.501658587158501	1125	5.51570827676538	7.48429172323483
87	WGN36	2.50000000000012	0.501658587158499	1125	1.5157082767654	3.48429172323484
88	WGN36	5.50000000000014	0.501658587158501	1125	4.51570827676542	6.48429172323487
89	WGN36	4.50000000000015	0.501658587158498	1125	3.51570827676543	5.48429172323486
90	WGN36	7.50000000000013	0.501658587158504	1125	6.51570827676541	8.48429172323486
92	WGN36	8.0000000000001	0.501658587158505	1125	7.01570827676537	8.98429172323484
93	WGN36	4.91119005328606	0.709609876227758	1125	3.51888232493073	6.3034977816414
94	WGN36	5.50000000000014	0.501658587158501	1125	4.51570827676541	6.48429172323486
95	WGN36	4.50000000000014	0.501658587158501	1125	3.51570827676542	5.48429172323487
96	WGN36	8.50000000000012	0.5016585871585	1125	7.5157082767654	9.48429172323484
97	WGN36	8.00000000000011	0.501658587158496	1125	7.0157082767654	8.98429172323483
98	WGN36	5.50000000000008	0.501658587158503	1125	4.51570827676536	6.48429172323481
99	WGN36	3.50000000000017	0.501658587158499	1125	2.51570827676545	4.48429172323489
100	WGN36	5.00000000000011	0.501658587158502	1125	4.01570827676538	5.98429172323483
102	WGN36	5.08880994671418	0.709609876227751	1125	3.69650221835886	6.4811176750695
104	WGN36	5.00000000000013	0.5016585871585	1125	4.01570827676541	5.98429172323485
105	WGN36	4.91119005328607	0.709609876227754	1125	3.51888232493075	6.3034977816414
106	WGN36	5.00000000000014	0.501658587158499	1125	4.01570827676542	5.98429172323486
107	WGN36	5.00000000000016	0.501658587158496	1125	4.01570827676545	5.98429172323487
108	WGN36	5.0000000000001	0.5016585871585	1125	4.01570827676538	5.98429172323482
109	WGN36	5.00000000000013	0.5016585871585	1125	4.01570827676541	5.98429172323485
110	WGN36	5.50000000000013	0.5016585871585	1125	4.51570827676541	6.48429172323485
112	WGN36	6.00000000000014	0.501658587158501	1125	5.01570827676542	6.98429172323487
114	WGN36	4.50000000000012	0.501658587158501	1125	3.5157082767654	5.48429172323484
116	WGN36	5.08880994671416	0.70960987622775	1125	3.69650221835884	6.48111767506948
117	WGN36	6.50000000000009	0.5016585871585	1125	5.51570827676537	7.48429172323481
118	WGN36	6.00000000000014	0.501658587158498	1125	5.01570827676542	6.98429172323486
119	WGN36	5.91119005328607	0.709609876227756	1125	4.51888232493074	7.3034977816414
120	WGN36	5.50000000000013	0.501658587158501	1125	4.51570827676541	6.48429172323485
121	WGN36	8.00000000000012	0.501658587158499	1125	7.0157082767654	8.98429172323484
122	WGN36	8.00000000000011	0.501658587158499	1125	7.01570827676539	8.98429172323483
123	WGN36	7.50000000000011	0.501658587158502	1125	6.51570827676539	8.48429172323483
124	WGN36	7.50000000000009	0.501658587158499	1125	6.51570827676537	8.48429172323481
125	WGN36	6.50000000000014	0.501658587158501	1125	5.51570827676542	7.48429172323486
126	WGN36	8.00000000000012	0.501658587158501	1125	7.0157082767654	8.98429172323484
127	WGN36	5.50000000000012	0.501658587158502	1125	4.51570827676539	6.48429172323484
128	WGN36	6.00000000000012	0.501658587158503	1125	5.0157082767654	6.98429172323485
129	WGN36	5.00000000000013	0.501658587158501	1125	4.01570827676541	5.98429172323485
130	WGN36	7.00000000000013	0.5016585871585	1125	6.01570827676541	7.98429172323485
1	WGN38	4.99999999999992	0.501658587158533	1125	4.01570827676514	5.9842917232347
2	WGN38	4.99999999999997	0.501658587158508	1125	4.01570827676523	5.9842917232347
3	WGN38	6.91119005328592	0.709609876227749	1125	5.51888232493061	8.30349778164124
4	WGN38	4.99999999999996	0.501658587158496	1125	4.01570827676525	5.98429172323467
5	WGN38	7.50000000000009	0.501658587158509	1125	6.51570827676535	8.48429172323483
6	WGN38	5.00000000000003	0.501658587158497	1125	4.01570827676532	5.98429172323475
7	WGN38	7.00000000000001	0.501658587158502	1125	6.01570827676529	7.98429172323474
8	WGN38	5.99999999999997	0.501658587158501	1125	5.01570827676525	6.98429172323469
10	WGN38	6.49999999999996	0.501658587158497	1125	5.51570827676524	7.48429172323467
11	WGN38	5.00000000000007	0.501658587158502	1125	4.01570827676534	5.98429172323479
12	WGN38	4.99999999999994	0.501658587158499	1125	4.01570827676523	5.98429172323466
13	WGN38	5.49999999999996	0.501658587158497	1125	4.51570827676525	6.48429172323468
14	WGN38	5.50000000000001	0.501658587158507	1125	4.51570827676527	6.48429172323474
16	WGN38	6.00000000000003	0.501658587158496	1125	5.01570827676532	6.98429172323475
18	WGN38	5.49999999999992	0.501658587158495	1125	4.5157082767652	6.48429172323463
19	WGN38	4.99999999999997	0.501658587158497	1125	4.01570827676526	5.98429172323469
20	WGN38	7.50000000000008	0.501658587158501	1125	6.51570827676536	8.4842917232348
21	WGN38	6.00000000000001	0.501658587158502	1125	5.01570827676529	6.98429172323474
22	WGN38	4.99999999999997	0.501658587158513	1125	4.01570827676522	5.98429172323471
23	WGN38	6.00000000000005	0.501658587158503	1125	5.01570827676532	6.98429172323478
24	WGN38	5.50000000000003	0.501658587158504	1125	4.5157082767653	6.48429172323476
26	WGN38	6.99999999999998	0.501658587158497	1125	6.01570827676526	7.98429172323469
27	WGN38	4.99999999999997	0.501658587158499	1125	4.01570827676525	5.98429172323469
28	WGN38	8.00000000000005	0.501658587158503	1125	7.01570827676532	8.98429172323477
29	WGN38	6.00000000000001	0.501658587158505	1125	5.01570827676528	6.98429172323474
30	WGN38	6.00000000000001	0.501658587158499	1125	5.0157082767653	6.98429172323473
32	WGN38	5.00000000000003	0.501658587158502	1125	4.0157082767653	5.98429172323475
33	WGN38	5.5	0.501658587158506	1125	4.51570827676527	6.48429172323473
34	WGN38	5.49999999999996	0.501658587158492	1125	4.51570827676526	6.48429172323467
35	WGN38	6.00000000000006	0.501658587158507	1125	5.01570827676533	6.9842917232348
36	WGN38	6.00000000000001	0.501658587158498	1125	5.01570827676529	6.98429172323472
37	WGN38	5.49999999999999	0.501658587158502	1125	4.51570827676527	6.48429172323472
38	WGN38	7.99999999999995	0.501658587158496	1125	7.01570827676524	8.98429172323466
39	WGN38	5.5	0.501658587158504	1125	4.51570827676527	6.48429172323473
40	WGN38	5.00000000000001	0.501658587158499	1125	4.01570827676529	5.98429172323473
41	WGN38	7.49999999999996	0.501658587158495	1125	6.51570827676525	8.48429172323467
42	WGN38	5	0.501658587158509	1125	4.01570827676526	5.98429172323474
45	WGN38	5.49999999999999	0.501658587158498	1125	4.51570827676527	6.4842917232347
46	WGN38	5.00000000000002	0.501658587158508	1125	4.01570827676529	5.98429172323476
47	WGN38	5.49999999999999	0.501658587158499	1125	4.51570827676527	6.4842917232347
48	WGN38	8	0.5016585871585	1125	7.01570827676528	8.98429172323472
49	WGN38	6.00000000000003	0.50165858715851	1125	5.01570827676529	6.98429172323477
50	WGN38	7.00000000000003	0.501658587158504	1125	6.0157082767653	7.98429172323475
51	WGN38	6.50000000000002	0.501658587158502	1125	5.5157082767653	7.48429172323474
52	WGN38	7.50000000000003	0.501658587158502	1125	6.51570827676531	8.48429172323475
53	WGN38	6	0.501658587158499	1125	5.01570827676529	6.98429172323472
54	WGN38	4.99999999999999	0.501658587158508	1125	4.01570827676526	5.98429172323473
55	WGN38	7.91119005328597	0.709609876227748	1125	6.51888232493066	9.30349778164128
56	WGN38	7.00000000000001	0.501658587158501	1125	6.01570827676528	7.98429172323473
59	WGN38	9	0.501658587158501	1125	8.01570827676528	9.98429172323472
61	WGN38	5	0.501658587158502	1125	4.01570827676527	5.98429172323472
63	WGN38	5.5	0.501658587158501	1125	4.51570827676528	6.48429172323473
64	WGN38	5	0.501658587158503	1125	4.01570827676527	5.98429172323472
65	WGN38	8.08880994671402	0.70960987622775	1125	6.6965022183587	9.48111767506934
66	WGN38	6.00000000000004	0.501658587158505	1125	5.01570827676531	6.98429172323477
67	WGN38	7.99999999999994	0.501658587158496	1125	7.01570827676522	8.98429172323465
68	WGN38	6.5	0.501658587158499	1125	5.51570827676529	7.48429172323472
69	WGN38	4.49999999999998	0.501658587158497	1125	3.51570827676526	5.48429172323469
70	WGN38	6.49999999999998	0.501658587158504	1125	5.51570827676525	7.48429172323471
72	WGN38	5.5	0.501658587158503	1125	4.51570827676527	6.48429172323473
73	WGN38	6.49999999999999	0.501658587158498	1125	5.51570827676528	7.48429172323471
74	WGN38	3.49999999999999	0.501658587158501	1125	2.51570827676527	4.48429172323471
76	WGN38	6.99999999999999	0.501658587158497	1125	6.01570827676528	7.98429172323471
77	WGN38	9.00000000000005	0.501658587158502	1125	8.01570827676533	9.98429172323478
78	WGN38	5.00000000000003	0.501658587158499	1125	4.01570827676531	5.98429172323474
80	WGN38	5.5	0.501658587158504	1125	4.51570827676527	6.48429172323472
81	WGN38	8.50000000000003	0.501658587158503	1125	7.5157082767653	9.48429172323475
82	WGN38	7.00000000000001	0.501658587158499	1125	6.0157082767653	7.98429172323473
83	WGN38	5.00000000000002	0.501658587158498	1125	4.01570827676531	5.98429172323474
84	WGN38	5.5	0.501658587158498	1125	4.51570827676529	6.48429172323472
85	WGN38	4.91119005328596	0.709609876227754	1125	3.51888232493063	6.30349778164128
86	WGN38	8	0.5016585871585	1125	7.01570827676528	8.98429172323472
87	WGN38	5	0.501658587158501	1125	4.01570827676528	5.98429172323472
88	WGN38	6	0.501658587158501	1125	5.01570827676528	6.98429172323472
89	WGN38	6	0.5016585871585	1125	5.01570827676528	6.98429172323472
90	WGN38	7.00000000000001	0.501658587158501	1125	6.01570827676528	7.98429172323473
91	WGN38	7	0.5016585871585	1125	6.01570827676528	7.98429172323472
92	WGN38	4.5	0.501658587158501	1125	3.51570827676528	5.48429172323472
93	WGN38	7.00000000000001	0.501658587158501	1125	6.01570827676528	7.98429172323473
94	WGN38	6	0.501658587158501	1125	5.01570827676528	6.98429172323472
95	WGN38	5	0.501658587158501	1125	4.01570827676528	5.98429172323472
96	WGN38	7.5	0.5016585871585	1125	6.51570827676528	8.48429172323472
97	WGN38	6	0.5016585871585	1125	5.01570827676528	6.98429172323472
98	WGN38	7.99999999999999	0.5016585871585	1125	7.01570827676527	8.98429172323471
99	WGN38	7	0.501658587158501	1125	6.01570827676528	7.98429172323472
100	WGN38	6	0.501658587158501	1125	5.01570827676528	6.98429172323472
101	WGN38	5.50000000000001	0.501658587158501	1125	4.51570827676529	6.48429172323473
102	WGN38	5.50000000000001	0.501658587158502	1125	4.51570827676528	6.48429172323473
103	WGN38	6.00000000000001	0.501658587158501	1125	5.01570827676529	6.98429172323473
104	WGN38	6.5	0.5016585871585	1125	5.51570827676528	7.48429172323472
106	WGN38	8.49999999999999	0.501658587158499	1125	7.51570827676527	9.4842917232347
107	WGN38	6.49999999999999	0.5016585871585	1125	5.51570827676527	7.48429172323471
108	WGN38	6.50000000000001	0.5016585871585	1125	5.51570827676528	7.48429172323473
109	WGN38	6.5	0.501658587158501	1125	5.51570827676528	7.48429172323472
110	WGN38	9.00000000000001	0.501658587158501	1125	8.01570827676529	9.98429172323474
111	WGN38	6.50000000000001	0.501658587158501	1125	5.51570827676529	7.48429172323473
113	WGN38	6.5	0.5016585871585	1125	5.51570827676528	7.48429172323472
114	WGN38	5.00000000000001	0.501658587158501	1125	4.01570827676529	5.98429172323473
115	WGN38	6.00000000000001	0.501658587158501	1125	5.01570827676529	6.98429172323473
1	WGN39	5.50000000000018	0.501658587158507	1125	4.51570827676544	6.48429172323491
2	WGN39	8.00000000000008	0.501658587158504	1125	7.01570827676535	8.98429172323481
3	WGN39	5.00000000000011	0.501658587158493	1125	4.0157082767654	5.98429172323482
4	WGN39	6.00000000000007	0.501658587158498	1125	5.01570827676535	6.98429172323478
5	WGN39	4.50000000000012	0.501658587158501	1125	3.5157082767654	5.48429172323485
6	WGN39	5.00000000000012	0.501658587158501	1125	4.0157082767654	5.98429172323484
7	WGN39	7.50000000000013	0.501658587158498	1125	6.51570827676541	8.48429172323484
8	WGN39	7.00000000000011	0.501658587158506	1125	6.01570827676538	7.98429172323484
9	WGN39	5.00000000000013	0.501658587158496	1125	4.01570827676542	5.98429172323485
10	WGN39	4.50000000000013	0.501658587158506	1125	3.5157082767654	5.48429172323486
11	WGN39	4.50000000000009	0.501658587158505	1125	3.51570827676536	5.48429172323482
12	WGN39	5.0000000000001	0.501658587158503	1125	4.01570827676537	5.98429172323482
13	WGN39	5.00000000000008	0.501658587158498	1125	4.01570827676536	5.98429172323479
14	WGN39	4.00000000000015	0.501658587158504	1125	3.01570827676542	4.98429172323488
15	WGN39	5.00000000000011	0.501658587158502	1125	4.01570827676538	5.98429172323483
16	WGN39	4.50000000000013	0.501658587158498	1125	3.51570827676542	5.48429172323485
17	WGN39	5.00000000000018	0.501658587158498	1125	4.01570827676546	5.98429172323489
18	WGN39	5.00000000000008	0.501658587158512	1125	4.01570827676534	5.98429172323482
19	WGN39	5.00000000000006	0.501658587158499	1125	4.01570827676534	5.98429172323478
20	WGN39	6.00000000000009	0.501658587158507	1125	5.01570827676536	6.98429172323482
21	WGN39	7.00000000000013	0.501658587158507	1125	6.01570827676539	7.98429172323486
22	WGN39	5.00000000000011	0.501658587158496	1125	4.0157082767654	5.98429172323482
24	WGN39	4.50000000000008	0.501658587158507	1125	3.51570827676534	5.48429172323481
25	WGN39	5.5000000000001	0.501658587158502	1125	4.51570827676538	6.48429172323483
26	WGN39	3.91119005328606	0.709609876227757	1125	2.51888232493073	5.30349778164139
27	WGN39	5.5000000000001	0.501658587158498	1125	4.51570827676539	6.48429172323482
28	WGN39	3.00000000000012	0.501658587158501	1125	2.0157082767654	3.98429172323484
29	WGN39	4.50000000000008	0.501658587158502	1125	3.51570827676536	5.48429172323481
30	WGN39	5.00000000000009	0.501658587158508	1125	4.01570827676535	5.98429172323482
31	WGN39	6.00000000000013	0.501658587158508	1125	5.01570827676539	6.98429172323486
32	WGN39	5.00000000000011	0.5016585871585	1125	4.01570827676539	5.98429172323483
34	WGN39	4.50000000000012	0.501658587158497	1125	3.5157082767654	5.48429172323483
35	WGN39	4.50000000000008	0.501658587158511	1125	3.51570827676534	5.48429172323483
36	WGN39	4.50000000000009	0.501658587158506	1125	3.51570827676535	5.48429172323482
37	WGN39	5.5000000000001	0.5016585871585	1125	4.51570827676538	6.48429172323482
38	WGN39	3.50000000000012	0.501658587158498	1125	2.5157082767654	4.48429172323483
39	WGN39	5.00000000000011	0.501658587158495	1125	4.0157082767654	5.98429172323482
40	WGN39	5.00000000000013	0.501658587158489	1125	4.01570827676543	5.98429172323483
41	WGN39	5.5000000000001	0.501658587158503	1125	4.51570827676537	6.48429172323482
42	WGN39	6.50000000000015	0.501658587158507	1125	5.51570827676542	7.48429172323489
43	WGN39	5.50000000000012	0.501658587158494	1125	4.51570827676542	6.48429172323483
44	WGN39	5.00000000000009	0.501658587158504	1125	4.01570827676536	5.98429172323482
45	WGN39	4.0000000000001	0.501658587158502	1125	3.01570827676538	4.98429172323483
46	WGN39	4.50000000000012	0.501658587158497	1125	3.51570827676541	5.48429172323484
47	WGN39	5.00000000000011	0.501658587158497	1125	4.01570827676539	5.98429172323482
48	WGN39	3.00000000000005	0.501658587158505	1125	2.01570827676532	3.98429172323478
49	WGN39	5.00000000000008	0.501658587158507	1125	4.01570827676535	5.98429172323481
50	WGN39	4.00000000000008	0.501658587158504	1125	3.01570827676535	4.98429172323481
51	WGN39	4.50000000000012	0.501658587158499	1125	3.5157082767654	5.48429172323484
52	WGN39	5.00000000000012	0.501658587158495	1125	4.01570827676541	5.98429172323483
53	WGN39	5.00000000000009	0.501658587158505	1125	4.01570827676536	5.98429172323482
54	WGN39	5.0000000000001	0.501658587158499	1125	4.01570827676538	5.98429172323482
55	WGN39	4.5000000000001	0.501658587158501	1125	3.51570827676538	5.48429172323483
56	WGN39	5.5000000000001	0.501658587158498	1125	4.51570827676538	6.48429172323481
57	WGN39	3.50000000000009	0.501658587158501	1125	2.51570827676537	4.48429172323481
58	WGN39	5.00000000000009	0.501658587158507	1125	4.01570827676535	5.98429172323482
59	WGN39	4.50000000000013	0.501658587158497	1125	3.51570827676542	5.48429172323485
60	WGN39	5.00000000000011	0.501658587158494	1125	4.0157082767654	5.98429172323482
61	WGN39	5.0000000000001	0.501658587158503	1125	4.01570827676538	5.98429172323483
62	WGN39	4.00000000000012	0.501658587158499	1125	3.0157082767654	4.98429172323484
63	WGN39	6.0000000000001	0.501658587158501	1125	5.01570827676538	6.98429172323482
64	WGN39	5.50000000000011	0.501658587158501	1125	4.51570827676539	6.48429172323483
65	WGN39	3.50000000000012	0.5016585871585	1125	2.5157082767654	4.48429172323484
66	WGN39	5.50000000000009	0.501658587158503	1125	4.51570827676536	6.48429172323481
67	WGN39	6.00000000000011	0.501658587158502	1125	5.01570827676538	6.98429172323483
68	WGN39	6.08880994671413	0.709609876227756	1125	4.6965022183588	7.48111767506945
69	WGN39	4.50000000000009	0.501658587158503	1125	3.51570827676537	5.48429172323482
70	WGN39	6.08880994671414	0.709609876227755	1125	4.69650221835882	7.48111767506947
71	WGN39	5.0000000000001	0.501658587158499	1125	4.01570827676538	5.98429172323482
72	WGN39	3.00000000000015	0.501658587158497	1125	2.01570827676544	3.98429172323487
73	WGN39	5.5000000000001	0.5016585871585	1125	4.51570827676538	6.48429172323482
74	WGN39	6.50000000000008	0.501658587158497	1125	5.51570827676537	7.4842917232348
75	WGN39	5.00000000000011	0.501658587158499	1125	4.01570827676539	5.98429172323483
76	WGN39	4.00000000000009	0.501658587158501	1125	3.01570827676537	4.98429172323482
77	WGN39	4.50000000000015	0.501658587158496	1125	3.51570827676544	5.48429172323486
78	WGN39	7.00000000000011	0.501658587158503	1125	6.01570827676539	7.98429172323484
79	WGN39	4.50000000000011	0.5016585871585	1125	3.51570827676539	5.48429172323483
80	WGN39	5.0000000000001	0.501658587158502	1125	4.01570827676537	5.98429172323482
81	WGN39	6.00000000000011	0.501658587158502	1125	5.01570827676539	6.98429172323484
82	WGN39	5.00000000000009	0.501658587158502	1125	4.01570827676537	5.98429172323481
83	WGN39	5.00000000000011	0.501658587158496	1125	4.0157082767654	5.98429172323483
84	WGN39	5.50000000000008	0.501658587158503	1125	4.51570827676535	6.48429172323481
85	WGN39	7.50000000000008	0.501658587158498	1125	6.51570827676536	8.48429172323479
86	WGN39	5.00000000000011	0.5016585871585	1125	4.01570827676539	5.98429172323483
87	WGN39	5.00000000000011	0.501658587158499	1125	4.01570827676539	5.98429172323483
88	WGN39	5.08880994671415	0.70960987622775	1125	3.69650221835883	6.48111767506946
89	WGN39	3.5000000000001	0.501658587158502	1125	2.51570827676537	4.48429172323482
90	WGN39	5.5000000000001	0.501658587158501	1125	4.51570827676538	6.48429172323482
91	WGN39	3.00000000000012	0.501658587158499	1125	2.0157082767654	3.98429172323484
92	WGN39	6.0000000000001	0.501658587158499	1125	5.01570827676538	6.98429172323481
93	WGN39	4.50000000000011	0.501658587158499	1125	3.51570827676539	5.48429172323483
94	WGN39	5.0000000000001	0.501658587158501	1125	4.01570827676538	5.98429172323483
95	WGN39	5.00000000000011	0.501658587158499	1125	4.01570827676539	5.98429172323483
96	WGN39	5.0000000000001	0.501658587158502	1125	4.01570827676538	5.98429172323482
97	WGN39	4.50000000000011	0.5016585871585	1125	3.51570827676539	5.48429172323483
98	WGN39	5.50000000000011	0.5016585871585	1125	4.51570827676539	6.48429172323483
99	WGN39	3.00000000000012	0.501658587158499	1125	2.0157082767654	3.98429172323483
100	WGN39	4.5000000000001	0.5016585871585	1125	3.51570827676538	5.48429172323482
101	WGN39	4.5000000000001	0.5016585871585	1125	3.51570827676539	5.48429172323482
102	WGN39	5.5000000000001	0.501658587158501	1125	4.51570827676538	6.48429172323482
104	WGN39	5.0000000000001	0.5016585871585	1125	4.01570827676538	5.98429172323482
105	WGN39	4.00000000000009	0.501658587158502	1125	3.01570827676537	4.98429172323482
106	WGN39	3.5000000000001	0.5016585871585	1125	2.51570827676538	4.48429172323482
107	WGN39	6.5000000000001	0.501658587158501	1125	5.51570827676538	7.48429172323482
108	WGN39	7.0000000000001	0.501658587158501	1125	6.01570827676538	7.98429172323482
109	WGN39	5.0000000000001	0.501658587158501	1125	4.01570827676538	5.98429172323482
110	WGN39	5.0000000000001	0.5016585871585	1125	4.01570827676538	5.98429172323482
111	WGN39	6.5000000000001	0.5016585871585	1125	5.51570827676538	7.48429172323482
112	WGN39	5.0000000000001	0.501658587158501	1125	4.01570827676538	5.98429172323482
113	WGN39	5.0000000000001	0.501658587158501	1125	4.01570827676538	5.98429172323482
114	WGN39	4.0000000000001	0.5016585871585	1125	3.01570827676538	4.98429172323482
115	WGN39	7.5000000000001	0.501658587158501	1125	6.51570827676538	8.48429172323482
116	WGN39	6.0000000000001	0.5016585871585	1125	5.01570827676538	6.98429172323482
117	WGN39	4.5000000000001	0.501658587158501	1125	3.51570827676538	5.48429172323482
118	WGN39	5.0000000000001	0.5016585871585	1125	4.01570827676538	5.98429172323482
120	WGN39	4.5000000000001	0.5016585871585	1125	3.51570827676538	5.48429172323482
121	WGN39	4.5000000000001	0.5016585871585	1125	3.51570827676538	5.48429172323482
122	WGN39	5.0000000000001	0.5016585871585	1125	4.01570827676538	5.98429172323482
123	WGN39	4.50000000000011	0.5016585871585	1125	3.51570827676539	5.48429172323483
124	WGN39	5.5000000000001	0.501658587158501	1125	4.51570827676538	6.48429172323483
125	WGN39	5.5000000000001	0.5016585871585	1125	4.51570827676538	6.48429172323482
126	WGN39	4.50000000000011	0.5016585871585	1125	3.51570827676539	5.48429172323483
127	WGN39	3.0000000000001	0.501658587158501	1125	2.01570827676538	3.98429172323482
128	WGN39	4.50000000000011	0.5016585871585	1125	3.51570827676539	5.48429172323483
129	WGN39	2.00000000000011	0.5016585871585	1125	1.01570827676538	2.98429172323483
130	WGN39	4.5000000000001	0.501658587158501	1125	3.51570827676538	5.48429172323482
1	WGN45	6.50000000000013	0.501658587158501	1125	5.51570827676541	7.48429172323485
2	WGN45	7.0000000000001	0.501658587158502	1125	6.01570827676538	7.98429172323483
3	WGN45	5.00000000000011	0.501658587158504	1125	4.01570827676539	5.98429172323484
4	WGN45	6.50000000000009	0.501658587158499	1125	5.51570827676537	7.48429172323481
5	WGN45	7.00000000000008	0.501658587158498	1125	6.01570827676537	7.9842917232348
6	WGN45	5.50000000000012	0.5016585871585	1125	4.5157082767654	6.48429172323484
7	WGN45	5.0000000000001	0.501658587158498	1125	4.01570827676538	5.98429172323482
8	WGN45	5.50000000000013	0.501658587158498	1125	4.51570827676542	6.48429172323485
9	WGN45	6.0000000000001	0.501658587158499	1125	5.01570827676538	6.98429172323481
10	WGN45	6.00000000000009	0.501658587158495	1125	5.01570827676538	6.9842917232348
11	WGN45	4.50000000000005	0.501658587158504	1125	3.51570827676532	5.48429172323478
12	WGN45	5.50000000000011	0.501658587158498	1125	4.5157082767654	6.48429172323483
13	WGN45	6.00000000000004	0.501658587158502	1125	5.01570827676532	6.98429172323476
14	WGN45	5.50000000000006	0.501658587158498	1125	4.51570827676534	6.48429172323477
15	WGN45	6.91119005328605	0.709609876227759	1125	5.51888232493072	8.30349778164138
16	WGN45	6.0000000000001	0.5016585871585	1125	5.01570827676538	6.98429172323482
17	WGN45	6.00000000000011	0.5016585871585	1125	5.01570827676539	6.98429172323483
18	WGN45	5.00000000000005	0.501658587158504	1125	4.01570827676532	5.98429172323477
19	WGN45	5.50000000000012	0.501658587158496	1125	4.51570827676541	6.48429172323483
20	WGN45	8.00000000000011	0.501658587158505	1125	7.01570827676538	8.98429172323484
22	WGN45	6.50000000000008	0.501658587158505	1125	5.51570827676535	7.48429172323481
23	WGN45	5.00000000000007	0.501658587158502	1125	4.01570827676535	5.9842917232348
24	WGN45	6.0000000000001	0.501658587158499	1125	5.01570827676538	6.98429172323482
25	WGN45	4.5000000000001	0.501658587158498	1125	3.51570827676539	5.48429172323482
26	WGN45	6.00000000000009	0.501658587158502	1125	5.01570827676536	6.98429172323481
28	WGN45	6.50000000000009	0.501658587158504	1125	5.51570827676536	7.48429172323481
29	WGN45	6.00000000000007	0.501658587158504	1125	5.01570827676535	6.9842917232348
31	WGN45	5.50000000000009	0.501658587158501	1125	4.51570827676536	6.48429172323481
32	WGN45	6.50000000000008	0.501658587158505	1125	5.51570827676535	7.48429172323481
33	WGN45	5.0000000000001	0.501658587158497	1125	4.01570827676538	5.98429172323481
34	WGN45	7.50000000000008	0.501658587158501	1125	6.51570827676536	8.4842917232348
35	WGN45	5.0000000000001	0.501658587158498	1125	4.01570827676539	5.98429172323482
36	WGN45	4.50000000000012	0.501658587158496	1125	3.5157082767654	5.48429172323483
37	WGN45	5.50000000000009	0.501658587158499	1125	4.51570827676537	6.48429172323481
38	WGN45	5.50000000000007	0.501658587158503	1125	4.51570827676534	6.48429172323479
40	WGN45	6.00000000000008	0.501658587158502	1125	5.01570827676536	6.9842917232348
41	WGN45	6.00000000000009	0.501658587158496	1125	5.01570827676537	6.9842917232348
42	WGN45	5.00000000000008	0.5016585871585	1125	4.01570827676536	5.9842917232348
43	WGN45	5.00000000000006	0.501658587158504	1125	4.01570827676534	5.98429172323479
44	WGN45	5.00000000000007	0.501658587158503	1125	4.01570827676534	5.9842917232348
45	WGN45	7.50000000000009	0.501658587158503	1125	6.51570827676537	8.48429172323482
46	WGN45	6.50000000000009	0.501658587158498	1125	5.51570827676537	7.4842917232348
47	WGN45	7.91119005328606	0.70960987622775	1125	6.51888232493075	9.30349778164138
48	WGN45	5.5000000000001	0.501658587158498	1125	4.51570827676539	6.48429172323482
49	WGN45	8.00000000000009	0.501658587158496	1125	7.01570827676538	8.9842917232348
50	WGN45	5.50000000000008	0.5016585871585	1125	4.51570827676536	6.4842917232348
52	WGN45	6.00000000000012	0.501658587158501	1125	5.01570827676539	6.98429172323484
53	WGN45	6.50000000000009	0.501658587158498	1125	5.51570827676537	7.4842917232348
54	WGN45	4.50000000000008	0.5016585871585	1125	3.51570827676536	5.4842917232348
55	WGN45	7.5000000000001	0.501658587158503	1125	6.51570827676537	8.48429172323483
56	WGN45	6.50000000000008	0.501658587158502	1125	5.51570827676536	7.48429172323481
57	WGN45	6.00000000000009	0.501658587158501	1125	5.01570827676537	6.98429172323481
58	WGN45	8.00000000000015	0.501658587158507	1125	7.01570827676541	8.98429172323488
59	WGN45	5.00000000000008	0.5016585871585	1125	4.01570827676536	5.9842917232348
60	WGN45	5.08880994671411	0.709609876227754	1125	3.69650221835879	6.48111767506943
61	WGN45	5.00000000000009	0.5016585871585	1125	4.01570827676537	5.98429172323481
62	WGN45	6.50000000000008	0.501658587158504	1125	5.51570827676535	7.48429172323481
64	WGN45	5.50000000000007	0.501658587158502	1125	4.51570827676535	6.4842917232348
65	WGN45	5.0000000000001	0.501658587158497	1125	4.01570827676538	5.98429172323481
66	WGN45	5.50000000000007	0.501658587158502	1125	4.51570827676535	6.4842917232348
67	WGN45	4.91119005328608	0.709609876227746	1125	3.51888232493077	6.30349778164138
68	WGN45	5.00000000000011	0.501658587158498	1125	4.01570827676539	5.98429172323483
69	WGN45	5.50000000000008	0.5016585871585	1125	4.51570827676536	6.4842917232348
70	WGN45	5.0888099467141	0.709609876227751	1125	3.69650221835878	6.48111767506942
71	WGN45	5.00000000000008	0.5016585871585	1125	4.01570827676536	5.98429172323481
72	WGN45	4.50000000000009	0.501658587158499	1125	3.51570827676537	5.48429172323481
73	WGN45	6.08880994671411	0.709609876227752	1125	4.69650221835879	7.48111767506943
74	WGN45	5.00000000000009	0.5016585871585	1125	4.01570827676537	5.98429172323481
75	WGN45	5.00000000000008	0.501658587158501	1125	4.01570827676536	5.98429172323481
76	WGN45	6.00000000000008	0.501658587158505	1125	5.01570827676535	6.98429172323481
77	WGN45	4.50000000000008	0.501658587158501	1125	3.51570827676536	5.4842917232348
78	WGN45	6.00000000000008	0.501658587158501	1125	5.01570827676536	6.98429172323481
80	WGN45	7.00000000000008	0.5016585871585	1125	6.01570827676536	7.9842917232348
81	WGN45	6.00000000000009	0.5016585871585	1125	5.01570827676537	6.98429172323481
82	WGN45	6.00000000000008	0.501658587158502	1125	5.01570827676536	6.98429172323481
84	WGN45	6.50000000000009	0.501658587158504	1125	5.51570827676536	7.48429172323481
85	WGN45	5.08880994671413	0.709609876227749	1125	3.69650221835881	6.48111767506944
86	WGN45	6.0000000000001	0.501658587158502	1125	5.01570827676538	6.98429172323483
87	WGN45	5.00000000000009	0.501658587158501	1125	4.01570827676537	5.98429172323481
88	WGN45	8.0000000000001	0.501658587158503	1125	7.01570827676537	8.98429172323482
89	WGN45	5.0000000000001	0.501658587158498	1125	4.01570827676538	5.98429172323481
90	WGN45	5.00000000000009	0.5016585871585	1125	4.01570827676537	5.98429172323481
92	WGN45	6.50000000000008	0.501658587158501	1125	5.51570827676536	7.4842917232348
93	WGN45	5.50000000000009	0.501658587158501	1125	4.51570827676536	6.48429172323481
94	WGN45	5.50000000000008	0.501658587158503	1125	4.51570827676535	6.4842917232348
95	WGN45	5.50000000000008	0.501658587158501	1125	4.51570827676535	6.4842917232348
96	WGN45	5.50000000000008	0.501658587158501	1125	4.51570827676536	6.48429172323481
98	WGN45	5.00000000000007	0.501658587158502	1125	4.01570827676534	5.98429172323479
99	WGN45	4.91119005328606	0.709609876227752	1125	3.51888232493074	6.30349778164138
100	WGN45	6.50000000000009	0.501658587158501	1125	5.51570827676537	7.48429172323481
101	WGN45	6.00000000000009	0.5016585871585	1125	5.01570827676537	6.98429172323481
102	WGN45	5.50000000000009	0.5016585871585	1125	4.51570827676537	6.48429172323481
103	WGN45	4.08880994671412	0.709609876227752	1125	2.6965022183588	5.48111767506944
104	WGN45	7.00000000000009	0.501658587158502	1125	6.01570827676536	7.98429172323481
105	WGN45	4.50000000000009	0.5016585871585	1125	3.51570827676537	5.48429172323481
106	WGN45	5.50000000000008	0.501658587158501	1125	4.51570827676536	6.4842917232348
107	WGN45	6.50000000000009	0.5016585871585	1125	5.51570827676536	7.48429172323481
108	WGN45	5.50000000000009	0.501658587158501	1125	4.51570827676537	6.48429172323481
109	WGN45	6.00000000000008	0.5016585871585	1125	5.01570827676536	6.9842917232348
110	WGN45	5.00000000000009	0.5016585871585	1125	4.01570827676537	5.98429172323481
111	WGN45	7.00000000000008	0.5016585871585	1125	6.01570827676536	7.9842917232348
112	WGN45	5.00000000000009	0.5016585871585	1125	4.01570827676537	5.98429172323481
113	WGN45	5.50000000000009	0.5016585871585	1125	4.51570827676537	6.48429172323481
114	WGN45	5.50000000000009	0.501658587158498	1125	4.51570827676538	6.48429172323481
115	WGN45	2.5000000000001	0.501658587158501	1125	1.51570827676537	3.48429172323482
116	WGN45	4.50000000000008	0.501658587158501	1125	3.51570827676536	5.4842917232348
117	WGN45	5.50000000000008	0.501658587158502	1125	4.51570827676535	6.4842917232348
118	WGN45	5.91119005328605	0.709609876227753	1125	4.51888232493073	7.30349778164137
119	WGN45	6.50000000000008	0.501658587158501	1125	5.51570827676535	7.4842917232348
120	WGN45	6.00000000000009	0.501658587158501	1125	5.01570827676536	6.98429172323481
121	WGN45	6.00000000000009	0.501658587158501	1125	5.01570827676537	6.98429172323481
122	WGN45	5.0000000000001	0.5016585871585	1125	4.01570827676538	5.98429172323482
123	WGN45	7.50000000000008	0.501658587158501	1125	6.51570827676536	8.4842917232348
124	WGN45	6.50000000000009	0.501658587158501	1125	5.51570827676536	7.48429172323481
126	WGN45	7.50000000000009	0.501658587158501	1125	6.51570827676536	8.48429172323481
127	WGN45	6.50000000000008	0.501658587158501	1125	5.51570827676536	7.48429172323481
128	WGN45	7.50000000000009	0.501658587158501	1125	6.51570827676536	8.48429172323481
129	WGN45	6.50000000000009	0.501658587158501	1125	5.51570827676536	7.48429172323481
130	WGN45	5.91119005328606	0.709609876227753	1125	4.51888232493073	7.30349778164138
1	WGN46	5.49999999999984	0.501658587158515	1125	4.51570827676509	6.48429172323459
2	WGN46	8.0000000000001	0.501658587158497	1125	7.01570827676539	8.98429172323482
3	WGN46	8.50000000000009	0.501658587158498	1125	7.51570827676537	9.4842917232348
4	WGN46	8.0000000000002	0.501658587158507	1125	7.01570827676546	8.98429172323493
6	WGN46	7.911190053286	0.709609876227756	1125	6.51888232493068	9.30349778164133
7	WGN46	7.50000000000008	0.501658587158498	1125	6.51570827676536	8.4842917232348
8	WGN46	5.08880994671419	0.709609876227742	1125	3.69650221835889	6.48111767506949
9	WGN46	8.50000000000019	0.501658587158507	1125	7.51570827676546	9.48429172323493
10	WGN46	8.00000000000013	0.501658587158502	1125	7.0157082767654	8.98429172323485
11	WGN46	7.00000000000011	0.501658587158501	1125	6.01570827676539	7.98429172323483
12	WGN46	7.50000000000006	0.501658587158495	1125	6.51570827676535	8.48429172323477
13	WGN46	6.50000000000013	0.501658587158497	1125	5.51570827676542	7.48429172323485
14	WGN46	7.50000000000008	0.501658587158499	1125	6.51570827676537	8.4842917232348
15	WGN46	6.50000000000008	0.501658587158502	1125	5.51570827676535	7.4842917232348
16	WGN46	7.00000000000011	0.501658587158501	1125	6.01570827676539	7.98429172323483
17	WGN46	8.00000000000012	0.5016585871585	1125	7.0157082767654	8.98429172323484
18	WGN46	8.00000000000006	0.501658587158498	1125	7.01570827676534	8.98429172323478
19	WGN46	8.00000000000013	0.501658587158503	1125	7.0157082767654	8.98429172323486
20	WGN46	4.91119005328604	0.709609876227747	1125	3.51888232493073	6.30349778164135
21	WGN46	7.08880994671425	0.70960987622776	1125	5.69650221835891	8.48111767506959
22	WGN46	5.00000000000015	0.501658587158501	1125	4.01570827676542	5.98429172323487
23	WGN46	8.00000000000008	0.501658587158502	1125	7.01570827676536	8.9842917232348
24	WGN46	9.00000000000012	0.501658587158506	1125	8.01570827676538	9.98429172323485
25	WGN46	8.50000000000012	0.501658587158499	1125	7.5157082767654	9.48429172323484
26	WGN46	7.50000000000017	0.501658587158504	1125	6.51570827676544	8.4842917232349
27	WGN46	7.91119005328603	0.709609876227745	1125	6.51888232493072	9.30349778164133
28	WGN46	8.00000000000009	0.501658587158496	1125	7.01570827676537	8.9842917232348
29	WGN46	7.50000000000014	0.501658587158506	1125	6.51570827676541	8.48429172323487
30	WGN46	7.50000000000006	0.501658587158496	1125	6.51570827676534	8.48429172323477
31	WGN46	8.50000000000013	0.501658587158503	1125	7.5157082767654	9.48429172323485
32	WGN46	8.00000000000011	0.501658587158499	1125	7.01570827676539	8.98429172323483
33	WGN46	8.0000000000001	0.501658587158499	1125	7.01570827676538	8.98429172323482
34	WGN46	8.50000000000012	0.501658587158503	1125	7.51570827676539	9.48429172323484
36	WGN46	8.00000000000013	0.501658587158504	1125	7.0157082767654	8.98429172323486
37	WGN46	8.00000000000015	0.501658587158505	1125	7.01570827676542	8.98429172323488
38	WGN46	8.00000000000011	0.501658587158502	1125	7.01570827676538	8.98429172323483
39	WGN46	7.50000000000014	0.501658587158506	1125	6.51570827676541	8.48429172323487
40	WGN46	8.50000000000009	0.501658587158498	1125	7.51570827676537	9.4842917232348
41	WGN46	5.50000000000012	0.501658587158501	1125	4.51570827676539	6.48429172323484
42	WGN46	8.0000000000001	0.501658587158499	1125	7.01570827676538	8.98429172323481
43	WGN46	7.00000000000008	0.501658587158497	1125	6.01570827676537	7.9842917232348
44	WGN46	8.5000000000001	0.5016585871585	1125	7.51570827676538	9.48429172323482
45	WGN46	4.50000000000011	0.501658587158504	1125	3.51570827676538	5.48429172323483
46	WGN46	8.00000000000014	0.501658587158503	1125	7.01570827676542	8.98429172323487
47	WGN46	5.0000000000001	0.501658587158497	1125	4.01570827676539	5.98429172323482
48	WGN46	7.0000000000001	0.501658587158501	1125	6.01570827676538	7.98429172323482
49	WGN46	7.50000000000014	0.501658587158504	1125	6.51570827676541	8.48429172323487
50	WGN46	7.50000000000013	0.501658587158504	1125	6.5157082767654	8.48429172323486
52	WGN46	6.50000000000012	0.501658587158504	1125	5.5157082767654	7.48429172323485
53	WGN46	7.50000000000008	0.501658587158499	1125	6.51570827676536	8.4842917232348
54	WGN46	7.50000000000009	0.501658587158498	1125	6.51570827676537	8.4842917232348
55	WGN46	7.91119005328602	0.709609876227746	1125	6.51888232493071	9.30349778164133
56	WGN46	8.00000000000013	0.501658587158502	1125	7.0157082767654	8.98429172323485
57	WGN46	5.00000000000012	0.501658587158501	1125	4.0157082767654	5.98429172323484
58	WGN46	8.00000000000011	0.501658587158502	1125	7.01570827676539	8.98429172323484
59	WGN46	8.00000000000011	0.501658587158501	1125	7.01570827676539	8.98429172323483
60	WGN46	7.5000000000001	0.501658587158501	1125	6.51570827676538	8.48429172323483
61	WGN46	8.50000000000016	0.501658587158504	1125	7.51570827676543	9.48429172323488
62	WGN46	7.00000000000009	0.501658587158499	1125	6.01570827676537	7.98429172323481
63	WGN46	8.00000000000016	0.501658587158506	1125	7.01570827676543	8.98429172323489
64	WGN46	8.00000000000011	0.501658587158501	1125	7.01570827676538	8.98429172323483
65	WGN46	7.00000000000011	0.5016585871585	1125	6.01570827676539	7.98429172323483
66	WGN46	6.50000000000012	0.501658587158501	1125	5.5157082767654	7.48429172323484
67	WGN46	5.00000000000009	0.501658587158506	1125	4.01570827676536	5.98429172323482
68	WGN46	7.5000000000001	0.501658587158501	1125	6.51570827676538	8.48429172323483
69	WGN46	5.50000000000011	0.5016585871585	1125	4.51570827676539	6.48429172323483
70	WGN46	5.50000000000009	0.501658587158498	1125	4.51570827676538	6.48429172323481
71	WGN46	6.5000000000001	0.501658587158498	1125	5.51570827676538	7.48429172323481
72	WGN46	8.50000000000011	0.501658587158499	1125	7.51570827676539	9.48429172323483
73	WGN46	8.00000000000011	0.501658587158503	1125	7.01570827676539	8.98429172323484
74	WGN46	8.00000000000012	0.501658587158502	1125	7.0157082767654	8.98429172323485
75	WGN46	7.00000000000008	0.501658587158498	1125	6.01570827676537	7.9842917232348
76	WGN46	5.00000000000011	0.501658587158499	1125	4.01570827676539	5.98429172323483
78	WGN46	6.00000000000011	0.501658587158498	1125	5.0157082767654	6.98429172323483
79	WGN46	8.00000000000008	0.501658587158498	1125	7.01570827676536	8.98429172323479
80	WGN46	5.5000000000001	0.501658587158501	1125	4.51570827676538	6.48429172323482
81	WGN46	8.00000000000013	0.501658587158503	1125	7.0157082767654	8.98429172323486
82	WGN46	6.00000000000011	0.501658587158503	1125	5.01570827676539	6.98429172323484
83	WGN46	5.50000000000011	0.501658587158498	1125	4.51570827676539	6.48429172323482
84	WGN46	7.00000000000012	0.501658587158502	1125	6.0157082767654	7.98429172323485
85	WGN46	6.5000000000001	0.501658587158501	1125	5.51570827676538	7.48429172323483
86	WGN46	7.50000000000011	0.501658587158502	1125	6.51570827676539	8.48429172323484
87	WGN46	8.00000000000012	0.5016585871585	1125	7.01570827676539	8.98429172323484
88	WGN46	8.00000000000012	0.501658587158502	1125	7.01570827676539	8.98429172323484
89	WGN46	5.00000000000011	0.501658587158502	1125	4.01570827676539	5.98429172323484
90	WGN46	6.50000000000011	0.501658587158501	1125	5.51570827676539	7.48429172323483
91	WGN46	8.0000000000001	0.501658587158499	1125	7.01570827676538	8.98429172323482
92	WGN46	5.00000000000011	0.501658587158501	1125	4.01570827676539	5.98429172323483
93	WGN46	8.00000000000014	0.501658587158503	1125	7.01570827676542	8.98429172323487
94	WGN46	8.00000000000008	0.5016585871585	1125	7.01570827676536	8.9842917232348
95	WGN46	7.5000000000001	0.501658587158499	1125	6.51570827676538	8.48429172323481
96	WGN46	8.50000000000014	0.501658587158501	1125	7.51570827676542	9.48429172323486
98	WGN46	8.00000000000011	0.501658587158501	1125	7.01570827676539	8.98429172323483
100	WGN46	8.08880994671414	0.709609876227754	1125	6.69650221835882	9.48111767506946
101	WGN46	6.5000000000001	0.5016585871585	1125	5.51570827676538	7.48429172323482
102	WGN46	8.0000000000001	0.5016585871585	1125	7.01570827676538	8.98429172323482
103	WGN46	7.50000000000011	0.501658587158501	1125	6.51570827676539	8.48429172323483
104	WGN46	5.0000000000001	0.5016585871585	1125	4.01570827676538	5.98429172323482
106	WGN46	8.50000000000009	0.501658587158499	1125	7.51570827676537	9.48429172323481
107	WGN46	8.0000000000001	0.501658587158501	1125	7.01570827676538	8.98429172323482
108	WGN46	5.0000000000001	0.501658587158499	1125	4.01570827676538	5.98429172323482
109	WGN46	7.50000000000011	0.501658587158501	1125	6.51570827676538	8.48429172323483
110	WGN46	7.50000000000011	0.501658587158501	1125	6.51570827676539	8.48429172323483
111	WGN46	4.0000000000001	0.501658587158501	1125	3.01570827676538	4.98429172323482
112	WGN46	6.5000000000001	0.5016585871585	1125	5.51570827676538	7.48429172323482
113	WGN46	8.0000000000001	0.5016585871585	1125	7.01570827676538	8.98429172323482
114	WGN46	8.5000000000001	0.5016585871585	1125	7.51570827676538	9.48429172323481
115	WGN46	8.00000000000011	0.5016585871585	1125	7.01570827676539	8.98429172323483
116	WGN46	8.5000000000001	0.5016585871585	1125	7.51570827676538	9.48429172323482
117	WGN46	6.5000000000001	0.5016585871585	1125	5.51570827676538	7.48429172323482
118	WGN46	7.5000000000001	0.5016585871585	1125	6.51570827676538	8.48429172323482
119	WGN46	8.0000000000001	0.5016585871585	1125	7.01570827676538	8.98429172323482
120	WGN46	6.5000000000001	0.5016585871585	1125	5.51570827676538	7.48429172323482
121	WGN46	8.5000000000001	0.5016585871585	1125	7.51570827676538	9.48429172323483
122	WGN46	8.5000000000001	0.5016585871585	1125	7.51570827676538	9.48429172323482
123	WGN46	9.00000000000011	0.5016585871585	1125	8.01570827676539	9.98429172323483
124	WGN46	6.5000000000001	0.5016585871585	1125	5.51570827676538	7.48429172323482
125	WGN46	8.5000000000001	0.5016585871585	1125	7.51570827676538	9.48429172323482
126	WGN46	8.0000000000001	0.5016585871585	1125	7.01570827676538	8.98429172323482
127	WGN46	7.5000000000001	0.5016585871585	1125	6.51570827676538	8.48429172323482
128	WGN46	9.0000000000001	0.5016585871585	1125	8.01570827676538	9.98429172323482
129	WGN46	8.0000000000001	0.5016585871585	1125	7.01570827676538	8.98429172323482
130	WGN46	6.0000000000001	0.5016585871585	1125	5.01570827676538	6.98429172323482
1	WGN55	5.00000000000002	0.501658587158489	1125	4.01570827676532	5.98429172323472
2	WGN55	6.50000000000011	0.501658587158506	1125	5.51570827676538	7.48429172323484
3	WGN55	5.00000000000011	0.501658587158505	1125	4.01570827676538	5.98429172323484
4	WGN55	4.50000000000015	0.501658587158499	1125	3.51570827676544	5.48429172323487
5	WGN55	4.50000000000011	0.501658587158498	1125	3.5157082767654	5.48429172323483
6	WGN55	4.5000000000001	0.501658587158495	1125	3.51570827676539	5.48429172323481
7	WGN55	5.50000000000009	0.501658587158501	1125	4.51570827676536	6.48429172323481
8	WGN55	5.0000000000001	0.501658587158495	1125	4.01570827676538	5.98429172323481
9	WGN55	5.0000000000001	0.501658587158499	1125	4.01570827676538	5.98429172323481
10	WGN55	6.00000000000008	0.501658587158497	1125	5.01570827676537	6.9842917232348
11	WGN55	5.00000000000006	0.501658587158498	1125	4.01570827676535	5.98429172323478
12	WGN55	6.00000000000006	0.501658587158501	1125	5.01570827676534	6.98429172323478
13	WGN55	7.00000000000012	0.501658587158502	1125	6.01570827676539	7.98429172323484
14	WGN55	5.00000000000011	0.501658587158506	1125	4.01570827676538	5.98429172323484
15	WGN55	5.00000000000011	0.501658587158507	1125	4.01570827676537	5.98429172323484
16	WGN55	5.00000000000009	0.501658587158495	1125	4.01570827676538	5.9842917232348
17	WGN55	7.00000000000008	0.5016585871585	1125	6.01570827676536	7.9842917232348
18	WGN55	7.50000000000018	0.501658587158507	1125	6.51570827676545	8.48429172323491
19	WGN55	5.00000000000011	0.501658587158506	1125	4.01570827676538	5.98429172323484
20	WGN55	5.00000000000011	0.501658587158499	1125	4.01570827676539	5.98429172323483
21	WGN55	8.00000000000005	0.5016585871585	1125	7.01570827676533	8.98429172323477
22	WGN55	4.50000000000007	0.501658587158503	1125	3.51570827676535	5.4842917232348
23	WGN55	6.50000000000009	0.501658587158502	1125	5.51570827676536	7.48429172323481
24	WGN55	5.00000000000008	0.501658587158497	1125	4.01570827676537	5.9842917232348
25	WGN55	8.00000000000015	0.501658587158504	1125	7.01570827676542	8.98429172323488
26	WGN55	5.00000000000007	0.501658587158509	1125	4.01570827676534	5.98429172323481
27	WGN55	4.50000000000008	0.501658587158504	1125	3.51570827676536	5.48429172323481
28	WGN55	8.00000000000003	0.501658587158495	1125	7.01570827676532	8.98429172323474
29	WGN55	5.00000000000009	0.501658587158505	1125	4.01570827676536	5.98429172323481
30	WGN55	4.50000000000008	0.501658587158505	1125	3.51570827676535	5.48429172323481
31	WGN55	5.50000000000007	0.501658587158497	1125	4.51570827676536	6.48429172323479
32	WGN55	7.0000000000001	0.5016585871585	1125	6.01570827676538	7.98429172323482
33	WGN55	5.50000000000009	0.501658587158505	1125	4.51570827676536	6.48429172323482
34	WGN55	4.0000000000001	0.501658587158499	1125	3.01570827676538	4.98429172323482
35	WGN55	5.00000000000009	0.501658587158497	1125	4.01570827676537	5.9842917232348
36	WGN55	6.5000000000001	0.5016585871585	1125	5.51570827676538	7.48429172323482
37	WGN55	5.0000000000001	0.501658587158502	1125	4.01570827676537	5.98429172323482
38	WGN55	4.00000000000008	0.501658587158506	1125	3.01570827676535	4.98429172323481
40	WGN55	6.00000000000007	0.5016585871585	1125	5.01570827676535	6.98429172323479
41	WGN55	5.00000000000009	0.501658587158502	1125	4.01570827676537	5.98429172323482
42	WGN55	6.00000000000009	0.501658587158499	1125	5.01570827676537	6.98429172323481
43	WGN55	5.00000000000009	0.501658587158501	1125	4.01570827676536	5.98429172323481
44	WGN55	6.00000000000011	0.501658587158503	1125	5.01570827676538	6.98429172323483
45	WGN55	2.50000000000015	0.501658587158498	1125	1.51570827676544	3.48429172323487
46	WGN55	3.91119005328607	0.709609876227748	1125	2.51888232493075	5.30349778164138
47	WGN55	5.00000000000009	0.501658587158501	1125	4.01570827676536	5.98429172323481
48	WGN55	5.00000000000008	0.501658587158502	1125	4.01570827676535	5.9842917232348
49	WGN55	4.00000000000008	0.501658587158503	1125	3.01570827676535	4.9842917232348
50	WGN55	3.50000000000006	0.501658587158506	1125	2.51570827676532	4.48429172323479
52	WGN55	5.50000000000009	0.501658587158501	1125	4.51570827676537	6.48429172323481
53	WGN55	5.0000000000001	0.501658587158501	1125	4.01570827676538	5.98429172323482
54	WGN55	5.50000000000009	0.501658587158502	1125	4.51570827676537	6.48429172323481
55	WGN55	5.5000000000001	0.501658587158501	1125	4.51570827676538	6.48429172323482
56	WGN55	5.00000000000012	0.501658587158501	1125	4.01570827676539	5.98429172323484
57	WGN55	5.08880994671412	0.70960987622775	1125	3.69650221835881	6.48111767506944
58	WGN55	4.00000000000008	0.5016585871585	1125	3.01570827676536	4.9842917232348
59	WGN55	5.00000000000009	0.501658587158502	1125	4.01570827676537	5.98429172323481
60	WGN55	5.0000000000001	0.501658587158496	1125	4.01570827676538	5.98429172323481
61	WGN55	4.00000000000008	0.501658587158504	1125	3.01570827676535	4.98429172323481
62	WGN55	4.00000000000009	0.5016585871585	1125	3.01570827676537	4.98429172323481
63	WGN55	5.00000000000008	0.501658587158501	1125	4.01570827676536	5.98429172323481
64	WGN55	3.00000000000012	0.501658587158497	1125	2.0157082767654	3.98429172323483
65	WGN55	5.00000000000009	0.501658587158497	1125	4.01570827676538	5.98429172323481
66	WGN55	5.00000000000008	0.501658587158502	1125	4.01570827676536	5.98429172323481
67	WGN55	3.91119005328604	0.709609876227753	1125	2.51888232493072	5.30349778164137
68	WGN55	4.00000000000007	0.501658587158504	1125	3.01570827676534	4.98429172323479
69	WGN55	4.00000000000009	0.501658587158501	1125	3.01570827676537	4.98429172323481
70	WGN55	5.00000000000009	0.501658587158498	1125	4.01570827676537	5.98429172323481
71	WGN55	4.50000000000008	0.501658587158502	1125	3.51570827676536	5.48429172323481
72	WGN55	5.00000000000008	0.501658587158502	1125	4.01570827676536	5.98429172323481
73	WGN55	6.00000000000008	0.501658587158502	1125	5.01570827676536	6.98429172323481
74	WGN55	5.00000000000009	0.501658587158501	1125	4.01570827676537	5.98429172323481
75	WGN55	4.50000000000008	0.501658587158502	1125	3.51570827676536	5.48429172323481
76	WGN55	5.00000000000009	0.501658587158503	1125	4.01570827676536	5.98429172323481
77	WGN55	4.91119005328605	0.709609876227757	1125	3.51888232493072	6.30349778164138
78	WGN55	4.50000000000008	0.501658587158504	1125	3.51570827676535	5.48429172323481
80	WGN55	6.00000000000009	0.501658587158501	1125	5.01570827676537	6.98429172323481
81	WGN55	4.50000000000008	0.501658587158504	1125	3.51570827676535	5.48429172323481
82	WGN55	6.00000000000008	0.5016585871585	1125	5.01570827676536	6.9842917232348
83	WGN55	5.00000000000008	0.501658587158501	1125	4.01570827676536	5.98429172323481
84	WGN55	5.50000000000009	0.5016585871585	1125	4.51570827676536	6.48429172323481
85	WGN55	5.00000000000009	0.501658587158501	1125	4.01570827676537	5.98429172323481
86	WGN55	6.00000000000009	0.501658587158502	1125	5.01570827676536	6.98429172323481
87	WGN55	4.50000000000008	0.501658587158502	1125	3.51570827676536	5.48429172323481
88	WGN55	3.00000000000008	0.501658587158503	1125	2.01570827676535	3.9842917232348
89	WGN55	8.00000000000009	0.501658587158502	1125	7.01570827676537	8.98429172323482
90	WGN55	5.00000000000008	0.501658587158503	1125	4.01570827676536	5.98429172323481
91	WGN55	5.00000000000009	0.5016585871585	1125	4.01570827676537	5.98429172323481
92	WGN55	5.50000000000009	0.501658587158503	1125	4.51570827676536	6.48429172323481
93	WGN55	3.00000000000008	0.501658587158503	1125	2.01570827676535	3.9842917232348
94	WGN55	5.0000000000001	0.501658587158501	1125	4.01570827676538	5.98429172323482
95	WGN55	6.5000000000001	0.501658587158502	1125	5.51570827676537	7.48429172323482
96	WGN55	5.00000000000008	0.501658587158501	1125	4.01570827676535	5.9842917232348
97	WGN55	5.00000000000009	0.501658587158502	1125	4.01570827676536	5.98429172323481
98	WGN55	4.50000000000009	0.5016585871585	1125	3.51570827676537	5.48429172323481
99	WGN55	5.00000000000009	0.501658587158502	1125	4.01570827676536	5.98429172323481
100	WGN55	5.00000000000009	0.5016585871585	1125	4.01570827676537	5.98429172323481
101	WGN55	7.00000000000009	0.501658587158501	1125	6.01570827676536	7.98429172323481
102	WGN55	5.00000000000009	0.501658587158501	1125	4.01570827676537	5.98429172323481
103	WGN55	5.00000000000009	0.5016585871585	1125	4.01570827676537	5.98429172323481
104	WGN55	5.00000000000009	0.501658587158502	1125	4.01570827676536	5.98429172323481
105	WGN55	4.50000000000009	0.5016585871585	1125	3.51570827676537	5.48429172323481
106	WGN55	4.00000000000008	0.501658587158502	1125	3.01570827676536	4.98429172323481
107	WGN55	4.00000000000009	0.501658587158501	1125	3.01570827676537	4.98429172323481
108	WGN55	4.50000000000009	0.501658587158502	1125	3.51570827676536	5.48429172323481
109	WGN55	4.50000000000009	0.501658587158502	1125	3.51570827676537	5.48429172323481
110	WGN55	5.00000000000009	0.501658587158501	1125	4.01570827676536	5.98429172323481
111	WGN55	6.00000000000009	0.501658587158501	1125	5.01570827676537	6.98429172323481
112	WGN55	5.50000000000009	0.501658587158501	1125	4.51570827676536	6.48429172323481
113	WGN55	5.00000000000009	0.501658587158501	1125	4.01570827676536	5.98429172323481
114	WGN55	5.00000000000009	0.5016585871585	1125	4.01570827676537	5.98429172323481
115	WGN55	5.00000000000009	0.501658587158501	1125	4.01570827676537	5.98429172323481
116	WGN55	7.0000000000001	0.501658587158502	1125	6.01570827676537	7.98429172323482
117	WGN55	5.50000000000009	0.501658587158501	1125	4.51570827676537	6.48429172323481
118	WGN55	4.00000000000009	0.501658587158502	1125	3.01570827676536	4.98429172323481
119	WGN55	7.50000000000009	0.501658587158501	1125	6.51570827676537	8.48429172323481
120	WGN55	7.91119005328605	0.709609876227752	1125	6.51888232493073	9.30349778164137
121	WGN55	4.50000000000009	0.501658587158502	1125	3.51570827676536	5.48429172323481
122	WGN55	6.00000000000009	0.501658587158502	1125	5.01570827676537	6.98429172323481
123	WGN55	4.00000000000009	0.501658587158502	1125	3.01570827676536	4.98429172323481
124	WGN55	5.50000000000009	0.501658587158501	1125	4.51570827676536	6.48429172323481
125	WGN55	5.00000000000009	0.501658587158501	1125	4.01570827676537	5.98429172323481
126	WGN55	4.50000000000009	0.501658587158501	1125	3.51570827676537	5.48429172323481
128	WGN55	6.00000000000009	0.501658587158501	1125	5.01570827676536	6.98429172323481
129	WGN55	5.50000000000009	0.501658587158501	1125	4.51570827676536	6.48429172323481
130	WGN55	6.50000000000009	0.501658587158501	1125	5.51570827676537	7.48429172323481
1	WGN63	5.50000000000011	0.501658587158498	1125	4.5157082767654	6.48429172323483
2	WGN63	5.50000000000011	0.501658587158505	1125	4.51570827676538	6.48429172323484
3	WGN63	5.00000000000006	0.501658587158505	1125	4.01570827676533	5.98429172323479
4	WGN63	5.50000000000007	0.501658587158497	1125	4.51570827676536	6.48429172323479
5	WGN63	5.00000000000008	0.501658587158502	1125	4.01570827676536	5.98429172323481
6	WGN63	5.50000000000008	0.501658587158503	1125	4.51570827676535	6.48429172323481
7	WGN63	4.5000000000001	0.5016585871585	1125	3.51570827676538	5.48429172323482
8	WGN63	4.00000000000006	0.501658587158501	1125	3.01570827676533	4.98429172323478
9	WGN63	5.50000000000008	0.501658587158498	1125	4.51570827676537	6.4842917232348
10	WGN63	5.00000000000008	0.501658587158503	1125	4.01570827676535	5.9842917232348
12	WGN63	5.00000000000006	0.501658587158502	1125	4.01570827676534	5.98429172323478
13	WGN63	5.00000000000007	0.501658587158503	1125	4.01570827676534	5.98429172323479
14	WGN63	4.5000000000001	0.501658587158503	1125	3.51570827676538	5.48429172323483
16	WGN63	4.50000000000009	0.501658587158498	1125	3.51570827676538	5.48429172323481
17	WGN63	4.50000000000009	0.501658587158503	1125	3.51570827676537	5.48429172323482
18	WGN63	5.00000000000009	0.501658587158501	1125	4.01570827676537	5.98429172323481
19	WGN63	5.50000000000009	0.501658587158496	1125	4.51570827676538	6.4842917232348
20	WGN63	5.50000000000008	0.501658587158502	1125	4.51570827676536	6.48429172323481
21	WGN63	6.00000000000008	0.501658587158501	1125	5.01570827676536	6.9842917232348
22	WGN63	5.00000000000008	0.5016585871585	1125	4.01570827676536	5.9842917232348
23	WGN63	8.0000000000001	0.501658587158501	1125	7.01570827676538	8.98429172323482
24	WGN63	4.50000000000013	0.5016585871585	1125	3.51570827676541	5.48429172323485
25	WGN63	5.50000000000009	0.501658587158504	1125	4.51570827676536	6.48429172323482
26	WGN63	5.00000000000008	0.501658587158501	1125	4.01570827676536	5.9842917232348
27	WGN63	4.5000000000001	0.501658587158503	1125	3.51570827676538	5.48429172323483
28	WGN63	5.00000000000009	0.501658587158504	1125	4.01570827676536	5.98429172323481
29	WGN63	5.50000000000009	0.501658587158503	1125	4.51570827676536	6.48429172323481
30	WGN63	5.00000000000008	0.501658587158504	1125	4.01570827676535	5.98429172323481
31	WGN63	3.50000000000008	0.501658587158502	1125	2.51570827676536	4.4842917232348
32	WGN63	4.50000000000011	0.501658587158499	1125	3.51570827676539	5.48429172323483
33	WGN63	5.00000000000014	0.501658587158501	1125	4.01570827676542	5.98429172323486
34	WGN63	5.0000000000001	0.501658587158503	1125	4.01570827676537	5.98429172323483
35	WGN63	4.50000000000008	0.501658587158501	1125	3.51570827676536	5.48429172323481
36	WGN63	5.5000000000001	0.501658587158499	1125	4.51570827676538	6.48429172323482
37	WGN63	5.00000000000009	0.501658587158501	1125	4.01570827676537	5.98429172323482
38	WGN63	5.91119005328606	0.709609876227754	1125	4.51888232493074	7.30349778164139
39	WGN63	5.91119005328605	0.709609876227753	1125	4.51888232493073	7.30349778164137
40	WGN63	4.50000000000008	0.501658587158502	1125	3.51570827676536	5.48429172323481
41	WGN63	5.00000000000012	0.5016585871585	1125	4.0157082767654	5.98429172323484
42	WGN63	5.0000000000001	0.501658587158502	1125	4.01570827676538	5.98429172323482
43	WGN63	4.00000000000008	0.501658587158503	1125	3.01570827676536	4.98429172323481
44	WGN63	5.0000000000001	0.501658587158505	1125	4.01570827676537	5.98429172323482
45	WGN63	5.00000000000009	0.501658587158502	1125	4.01570827676537	5.98429172323482
46	WGN63	5.00000000000009	0.501658587158501	1125	4.01570827676537	5.98429172323481
47	WGN63	4.00000000000011	0.501658587158499	1125	3.01570827676539	4.98429172323483
48	WGN63	5.00000000000009	0.501658587158503	1125	4.01570827676537	5.98429172323482
49	WGN63	5.0000000000001	0.501658587158502	1125	4.01570827676537	5.98429172323482
50	WGN63	4.50000000000011	0.5016585871585	1125	3.51570827676539	5.48429172323483
51	WGN63	5.5000000000001	0.501658587158501	1125	4.51570827676537	6.48429172323482
52	WGN63	5.0000000000001	0.501658587158498	1125	4.01570827676538	5.98429172323482
53	WGN63	5.50000000000009	0.501658587158502	1125	4.51570827676537	6.48429172323482
54	WGN63	4.5000000000001	0.5016585871585	1125	3.51570827676538	5.48429172323482
55	WGN63	5.00000000000009	0.501658587158499	1125	4.01570827676537	5.98429172323481
56	WGN63	4.00000000000008	0.501658587158504	1125	3.01570827676536	4.98429172323481
57	WGN63	5.00000000000009	0.501658587158501	1125	4.01570827676537	5.98429172323481
58	WGN63	4.5000000000001	0.501658587158502	1125	3.51570827676537	5.48429172323482
59	WGN63	6.0000000000001	0.501658587158499	1125	5.01570827676538	6.98429172323482
60	WGN63	5.00000000000009	0.501658587158503	1125	4.01570827676537	5.98429172323482
61	WGN63	6.0000000000001	0.501658587158501	1125	5.01570827676538	6.98429172323482
62	WGN63	5.00000000000009	0.501658587158502	1125	4.01570827676537	5.98429172323482
63	WGN63	5.08880994671413	0.709609876227755	1125	3.6965022183588	6.48111767506946
64	WGN63	4.50000000000008	0.501658587158504	1125	3.51570827676535	5.48429172323481
65	WGN63	6.00000000000009	0.501658587158502	1125	5.01570827676537	6.98429172323482
66	WGN63	4.5000000000001	0.501658587158498	1125	3.51570827676539	5.48429172323482
67	WGN63	4.00000000000009	0.501658587158502	1125	3.01570827676536	4.98429172323481
68	WGN63	5.00000000000009	0.501658587158502	1125	4.01570827676536	5.98429172323481
69	WGN63	5.00000000000009	0.501658587158503	1125	4.01570827676536	5.98429172323481
70	WGN63	5.00000000000009	0.5016585871585	1125	4.01570827676537	5.98429172323481
72	WGN63	5.00000000000009	0.501658587158501	1125	4.01570827676537	5.98429172323481
73	WGN63	5.50000000000008	0.5016585871585	1125	4.51570827676536	6.4842917232348
74	WGN63	5.50000000000009	0.501658587158502	1125	4.51570827676537	6.48429172323481
75	WGN63	6.00000000000009	0.501658587158501	1125	5.01570827676537	6.98429172323481
76	WGN63	4.00000000000009	0.501658587158502	1125	3.01570827676536	4.98429172323481
77	WGN63	5.0000000000001	0.501658587158501	1125	4.01570827676537	5.98429172323482
78	WGN63	4.50000000000008	0.501658587158503	1125	3.51570827676536	5.48429172323481
79	WGN63	4.5000000000001	0.5016585871585	1125	3.51570827676538	5.48429172323482
80	WGN63	5.0000000000001	0.5016585871585	1125	4.01570827676538	5.98429172323481
81	WGN63	5.00000000000009	0.501658587158501	1125	4.01570827676537	5.98429172323481
82	WGN63	5.00000000000009	0.501658587158502	1125	4.01570827676537	5.98429172323482
83	WGN63	6.00000000000009	0.501658587158501	1125	5.01570827676537	6.98429172323481
84	WGN63	5.00000000000009	0.501658587158502	1125	4.01570827676537	5.98429172323482
85	WGN63	5.0000000000001	0.501658587158501	1125	4.01570827676537	5.98429172323482
86	WGN63	5.0000000000001	0.5016585871585	1125	4.01570827676538	5.98429172323482
87	WGN63	5.0000000000001	0.501658587158499	1125	4.01570827676538	5.98429172323481
88	WGN63	5.50000000000009	0.501658587158499	1125	4.51570827676537	6.48429172323481
89	WGN63	4.00000000000009	0.501658587158501	1125	3.01570827676537	4.98429172323481
90	WGN63	5.91119005328606	0.709609876227753	1125	4.51888232493074	7.30349778164138
91	WGN63	4.00000000000009	0.501658587158501	1125	3.01570827676537	4.98429172323481
92	WGN63	6.00000000000009	0.5016585871585	1125	5.01570827676537	6.98429172323481
93	WGN63	5.00000000000009	0.501658587158502	1125	4.01570827676537	5.98429172323482
94	WGN63	5.0000000000001	0.501658587158501	1125	4.01570827676537	5.98429172323482
95	WGN63	4.50000000000011	0.5016585871585	1125	3.51570827676539	5.48429172323483
96	WGN63	5.00000000000009	0.501658587158501	1125	4.01570827676536	5.98429172323481
97	WGN63	5.50000000000009	0.501658587158502	1125	4.51570827676537	6.48429172323482
98	WGN63	6.08880994671412	0.709609876227754	1125	4.69650221835879	7.48111767506944
99	WGN63	5.08880994671413	0.709609876227755	1125	3.69650221835881	6.48111767506946
100	WGN63	5.0000000000001	0.501658587158501	1125	4.01570827676538	5.98429172323482
101	WGN63	5.08880994671413	0.709609876227753	1125	3.69650221835881	6.48111767506945
102	WGN63	4.5000000000001	0.5016585871585	1125	3.51570827676537	5.48429172323482
103	WGN63	5.00000000000009	0.501658587158501	1125	4.01570827676537	5.98429172323481
105	WGN63	4.50000000000009	0.501658587158501	1125	3.51570827676537	5.48429172323482
106	WGN63	4.00000000000009	0.501658587158501	1125	3.01570827676537	4.98429172323482
107	WGN63	3.00000000000009	0.501658587158501	1125	2.01570827676537	3.98429172323481
109	WGN63	5.00000000000009	0.501658587158501	1125	4.01570827676537	5.98429172323481
110	WGN63	4.91119005328606	0.709609876227752	1125	3.51888232493074	6.30349778164138
111	WGN63	5.00000000000009	0.501658587158501	1125	4.01570827676537	5.98429172323481
112	WGN63	7.5000000000001	0.501658587158501	1125	6.51570827676537	8.48429172323482
114	WGN63	5.50000000000009	0.501658587158501	1125	4.51570827676537	6.48429172323482
115	WGN63	6.5000000000001	0.501658587158501	1125	5.51570827676538	7.48429172323482
116	WGN63	6.00000000000009	0.501658587158501	1125	5.01570827676537	6.98429172323481
117	WGN63	4.0000000000001	0.501658587158501	1125	3.01570827676538	4.98429172323482
118	WGN63	4.50000000000009	0.5016585871585	1125	3.51570827676537	5.48429172323481
119	WGN63	5.50000000000009	0.501658587158501	1125	4.51570827676537	6.48429172323481
121	WGN63	5.00000000000009	0.501658587158501	1125	4.01570827676537	5.98429172323481
122	WGN63	4.00000000000009	0.501658587158501	1125	3.01570827676537	4.98429172323481
123	WGN63	5.00000000000009	0.501658587158501	1125	4.01570827676537	5.98429172323481
124	WGN63	4.00000000000009	0.501658587158501	1125	3.01570827676537	4.98429172323481
125	WGN63	4.91119005328606	0.709609876227753	1125	3.51888232493074	6.30349778164138
126	WGN63	5.00000000000009	0.501658587158501	1125	4.01570827676537	5.98429172323481
127	WGN63	4.50000000000009	0.501658587158501	1125	3.51570827676537	5.48429172323481
128	WGN63	4.50000000000009	0.501658587158501	1125	3.51570827676537	5.48429172323481
129	WGN63	5.00000000000009	0.501658587158501	1125	4.01570827676537	5.98429172323481
130	WGN63	5.50000000000009	0.501658587158501	1125	4.51570827676537	6.48429172323481
