plantID3	famID	emmean	SE	df	lower.CL	upper.CL
1	WGN07	5.99999999999582	0.39435883127834	1148	5.22625513024281	6.77374486974883
2	WGN07	6.49999999999992	0.394358831278395	1148	5.72625513024681	7.27374486975304
3	WGN07	6.99999999999929	0.394358831278429	1148	6.22625513024611	7.77374486975247
4	WGN07	6.00000000000009	0.39435883127847	1148	5.22625513024683	6.77374486975335
5	WGN07	7.49999999999991	0.394358831278426	1148	6.72625513024673	8.27374486975308
6	WGN07	5.99999999999967	0.394358831278459	1148	5.22625513024643	6.77374486975292
7	WGN07	7.99999999999977	0.394358831278459	1148	7.22625513024652	8.77374486975301
8	WGN07	8.4999999999998	0.394358831278445	1148	7.72625513024658	9.27374486975301
9	WGN07	8.49999999999986	0.394358831278455	1148	7.72625513024663	9.27374486975309
10	WGN07	5.99999999999977	0.394358831278448	1148	5.22625513024655	6.77374486975299
11	WGN07	7.99999999999979	0.394358831278438	1148	7.22625513024659	8.77374486975299
12	WGN07	7.49999999999972	0.394358831278439	1148	6.72625513024652	8.27374486975292
13	WGN07	7.99999999999982	0.39435883127845	1148	7.22625513024659	8.77374486975304
14	WGN07	8.49999999999974	0.394358831278437	1148	7.72625513024654	9.27374486975294
15	WGN07	7.99999999999985	0.394358831278454	1148	7.22625513024662	8.77374486975308
16	WGN07	7.9999999999996	0.39435883127844	1148	7.2262551302464	8.7737448697528
17	WGN07	8.99999999999967	0.394358831278441	1148	8.22625513024646	9.77374486975288
18	WGN07	7.99999999999977	0.394358831278444	1148	7.22625513024656	8.77374486975299
20	WGN07	5.99999999999978	0.39435883127845	1148	5.22625513024655	6.773744869753
21	WGN07	8.49999999999979	0.394358831278447	1148	7.72625513024658	9.27374486975301
22	WGN07	6.99999999999968	0.394358831278441	1148	6.22625513024647	7.77374486975288
23	WGN07	6.9999999999998	0.394358831278446	1148	6.22625513024659	7.77374486975302
24	WGN07	8.99999999999966	0.394358831278441	1148	8.22625513024645	9.77374486975286
25	WGN07	7.99999999999982	0.394358831278454	1148	7.22625513024658	8.77374486975305
26	WGN07	7.99999999999979	0.394358831278453	1148	7.22625513024656	8.77374486975302
27	WGN07	7.4999999999998	0.39435883127845	1148	6.72625513024658	8.27374486975302
28	WGN07	7.99999999999971	0.394358831278444	1148	7.2262551302465	8.77374486975293
29	WGN07	5.99999999999973	0.394358831278454	1148	5.2262551302465	6.77374486975296
30	WGN07	7.99999999999974	0.394358831278447	1148	7.22625513024653	8.77374486975296
31	WGN07	8.49999999999984	0.394358831278459	1148	7.7262551302466	9.27374486975308
32	WGN07	7.9999999999997	0.394358831278443	1148	7.22625513024649	8.77374486975291
33	WGN07	7.99999999999975	0.394358831278449	1148	7.22625513024653	8.77374486975297
34	WGN07	7.99999999999975	0.39435883127845	1148	7.22625513024653	8.77374486975298
35	WGN07	8.4999999999998	0.394358831278449	1148	7.72625513024658	9.27374486975302
36	WGN07	6.49999999999976	0.394358831278458	1148	5.72625513024652	7.273744869753
37	WGN07	7.99999999999967	0.394358831278439	1148	7.22625513024647	8.77374486975287
38	WGN07	6.9999999999998	0.394358831278455	1148	6.22625513024657	7.77374486975303
39	WGN07	6.99999999999967	0.394358831278451	1148	6.22625513024645	7.7737448697529
40	WGN07	7.49999999999981	0.394358831278455	1148	6.72625513024658	8.27374486975305
41	WGN07	6.99999999999969	0.394358831278457	1148	6.22625513024645	7.77374486975293
42	WGN07	6.99999999999985	0.394358831278458	1148	6.22625513024661	7.77374486975309
44	WGN07	6.99999999999983	0.39435883127844	1148	6.22625513024663	7.77374486975304
46	WGN07	7.99999999999973	0.394358831278444	1148	7.22625513024652	8.77374486975294
47	WGN07	7.99999999999974	0.394358831278436	1148	7.22625513024655	8.77374486975294
48	WGN07	6.49999999999978	0.394358831278452	1148	5.72625513024655	7.273744869753
49	WGN07	8.99999999999971	0.394358831278437	1148	8.22625513024651	9.7737448697529
50	WGN07	8.49999999999978	0.394358831278452	1148	7.72625513024656	9.27374486975301
51	WGN07	7.99999999999971	0.394358831278444	1148	7.2262551302465	8.77374486975292
52	WGN07	6.99999999999978	0.394358831278461	1148	6.22625513024653	7.77374486975303
53	WGN07	8.49999999999972	0.394358831278451	1148	7.7262551302465	9.27374486975295
54	WGN07	8.07354221061771	0.557828940739957	1148	6.97906366249396	9.16802075874146
55	WGN07	6.99999999999976	0.394358831278452	1148	6.22625513024653	7.77374486975299
56	WGN07	7.49999999999973	0.394358831278456	1148	6.72625513024649	8.27374486975297
57	WGN07	7.99999999999976	0.394358831278445	1148	7.22625513024654	8.77374486975297
58	WGN07	6.99999999999978	0.394358831278442	1148	6.22625513024657	7.77374486975299
59	WGN07	7.99999999999972	0.394358831278446	1148	7.22625513024651	8.77374486975294
60	WGN07	7.99999999999973	0.394358831278444	1148	7.22625513024652	8.77374486975294
61	WGN07	7.99999999999978	0.39435883127845	1148	7.22625513024656	8.773744869753
63	WGN07	7.99999999999974	0.39435883127844	1148	7.22625513024654	8.77374486975294
64	WGN07	6.9999999999998	0.394358831278457	1148	6.22625513024656	7.77374486975303
66	WGN07	7.99999999999979	0.394358831278448	1148	7.22625513024657	8.77374486975301
67	WGN07	6.49999999999979	0.394358831278454	1148	5.72625513024656	7.27374486975302
68	WGN07	7.99999999999981	0.394358831278457	1148	7.22625513024657	8.77374486975305
69	WGN07	7.99999999999976	0.394358831278443	1148	7.22625513024655	8.77374486975297
71	WGN07	7.49999999999976	0.394358831278452	1148	6.72625513024653	8.27374486975299
73	WGN07	6.9999999999998	0.39435883127846	1148	6.22625513024656	7.77374486975305
74	WGN07	8.99999999999975	0.394358831278442	1148	8.22625513024654	9.77374486975295
75	WGN07	5.99999999999979	0.394358831278447	1148	5.22625513024658	6.77374486975301
76	WGN07	7.49999999999974	0.394358831278432	1148	6.72625513024655	8.27374486975293
77	WGN07	7.9999999999998	0.394358831278463	1148	7.22625513024655	8.77374486975305
78	WGN07	7.49999999999976	0.394358831278445	1148	6.72625513024655	8.27374486975297
79	WGN07	7.9999999999998	0.394358831278453	1148	7.22625513024657	8.77374486975303
80	WGN07	7.4999999999998	0.394358831278457	1148	6.72625513024657	8.27374486975304
81	WGN07	6.49999999999978	0.394358831278449	1148	5.72625513024656	7.273744869753
82	WGN07	7.99999999999979	0.394358831278446	1148	7.22625513024658	8.77374486975301
83	WGN07	5.99999999999981	0.394358831278446	1148	5.22625513024659	6.77374486975303
84	WGN07	7.49999999999981	0.394358831278449	1148	6.72625513024659	8.27374486975303
85	WGN07	7.49999999999979	0.394358831278445	1148	6.72625513024657	8.273744869753
86	WGN07	7.49999999999975	0.39435883127845	1148	6.72625513024652	8.27374486975297
87	WGN07	6.99999999999978	0.394358831278442	1148	6.22625513024657	7.77374486975299
88	WGN07	6.99999999999979	0.394358831278452	1148	6.22625513024656	7.77374486975302
89	WGN07	7.9999999999998	0.394358831278447	1148	7.22625513024658	8.77374486975302
90	WGN07	7.99999999999978	0.394358831278451	1148	7.22625513024656	8.77374486975301
91	WGN07	7.99999999999973	0.394358831278443	1148	7.22625513024652	8.77374486975294
92	WGN07	5.99999999999976	0.394358831278446	1148	5.22625513024655	6.77374486975298
93	WGN07	6.99999999999977	0.39435883127845	1148	6.22625513024655	7.773744869753
94	WGN07	7.99999999999974	0.394358831278441	1148	7.22625513024653	8.77374486975294
95	WGN07	7.49999999999977	0.39435883127845	1148	6.72625513024655	8.273744869753
96	WGN07	5.99999999999981	0.394358831278446	1148	5.22625513024659	6.77374486975302
97	WGN07	8.99999999999979	0.394358831278447	1148	8.22625513024657	9.77374486975301
98	WGN07	7.9999999999998	0.394358831278452	1148	7.22625513024658	8.77374486975303
99	WGN07	8.49999999999971	0.394358831278438	1148	7.72625513024651	9.27374486975291
100	WGN07	7.49999999999974	0.394358831278455	1148	6.72625513024651	8.27374486975297
101	WGN07	5.99999999999981	0.394358831278443	1148	5.2262551302466	6.77374486975302
102	WGN07	7.49999999999978	0.394358831278444	1148	6.72625513024657	8.27374486975299
103	WGN07	7.49999999999978	0.394358831278448	1148	6.72625513024656	8.273744869753
104	WGN07	7.99999999999973	0.394358831278441	1148	7.22625513024652	8.77374486975293
105	WGN07	8.99999999999977	0.39435883127845	1148	8.22625513024654	9.77374486975299
106	WGN07	6.99999999999976	0.394358831278448	1148	6.22625513024654	7.77374486975298
107	WGN07	7.49999999999977	0.394358831278448	1148	6.72625513024655	8.27374486975299
108	WGN07	7.9999999999998	0.394358831278447	1148	7.22625513024658	8.77374486975301
109	WGN07	7.49999999999969	0.39435883127845	1148	6.72625513024647	8.27374486975292
110	WGN07	7.99999999999979	0.394358831278441	1148	7.22625513024659	8.773744869753
111	WGN07	7.49999999999978	0.39435883127845	1148	6.72625513024655	8.273744869753
112	WGN07	7.49999999999975	0.394358831278444	1148	6.72625513024654	8.27374486975297
113	WGN07	7.99999999999976	0.394358831278445	1148	7.22625513024655	8.77374486975298
114	WGN07	5.99999999999978	0.394358831278435	1148	5.22625513024659	6.77374486975298
115	WGN07	6.99999999999977	0.394358831278457	1148	6.22625513024653	7.77374486975301
116	WGN07	7.49999999999975	0.394358831278451	1148	6.72625513024653	8.27374486975298
117	WGN07	7.99999999999979	0.39435883127845	1148	7.22625513024657	8.77374486975301
118	WGN07	6.99999999999969	0.394358831278454	1148	6.22625513024646	7.77374486975292
119	WGN07	8.49999999999979	0.394358831278451	1148	7.72625513024657	9.27374486975302
120	WGN07	7.99999999999976	0.394358831278454	1148	7.22625513024653	8.77374486975299
121	WGN07	7.99999999999979	0.39435883127845	1148	7.22625513024656	8.77374486975301
122	WGN07	7.92645778938183	0.557828940739946	1148	6.8319792412581	9.02093633750556
123	WGN07	7.49999999999979	0.39435883127845	1148	6.72625513024657	8.27374486975302
124	WGN07	8.99999999999976	0.394358831278453	1148	8.22625513024653	9.77374486975299
125	WGN07	5.99999999999983	0.394358831278449	1148	5.22625513024661	6.77374486975305
126	WGN07	5.99999999999978	0.394358831278447	1148	5.22625513024656	6.77374486975299
127	WGN07	7.49999999999979	0.394358831278452	1148	6.72625513024656	8.27374486975302
128	WGN07	7.49999999999975	0.394358831278454	1148	6.72625513024652	8.27374486975298
129	WGN07	7.49999999999978	0.394358831278455	1148	6.72625513024655	8.27374486975302
130	WGN07	5.99999999999981	0.394358831278449	1148	5.22625513024659	6.77374486975303
1	WGN15	8.49999999999958	0.394358831278412	1148	7.72625513024643	9.27374486975273
2	WGN15	5.99999999999945	0.394358831278452	1148	5.22625513024622	6.77374486975268
3	WGN15	6.99999999999949	0.394358831278458	1148	6.22625513024625	7.77374486975273
4	WGN15	5.99999999999948	0.394358831278456	1148	5.22625513024625	6.77374486975272
5	WGN15	7.99999999999956	0.394358831278442	1148	7.22625513024635	8.77374486975277
7	WGN15	7.99999999999961	0.394358831278444	1148	7.2262551302464	8.77374486975282
8	WGN15	7.99999999999961	0.394358831278437	1148	7.22625513024642	8.77374486975281
9	WGN15	7.49999999999961	0.39435883127844	1148	6.7262551302464	8.27374486975281
10	WGN15	6.99999999999959	0.394358831278454	1148	6.22625513024636	7.77374486975282
11	WGN15	7.99999999999958	0.394358831278444	1148	7.22625513024637	8.77374486975279
12	WGN15	8.99999999999958	0.394358831278446	1148	8.22625513024636	9.77374486975279
13	WGN15	8.49999999999957	0.39435883127844	1148	7.72625513024637	9.27374486975278
14	WGN15	7.99999999999962	0.394358831278442	1148	7.22625513024641	8.77374486975283
15	WGN15	7.99999999999957	0.39435883127845	1148	7.22625513024634	8.77374486975279
16	WGN15	7.99999999999956	0.394358831278451	1148	7.22625513024633	8.77374486975279
17	WGN15	7.92645778938165	0.557828940739947	1148	6.83197924125792	9.02093633750538
18	WGN15	7.99999999999959	0.394358831278449	1148	7.22625513024637	8.77374486975281
19	WGN15	6.99999999999947	0.394358831278464	1148	6.22625513024621	7.77374486975272
20	WGN15	6.4999999999995	0.394358831278455	1148	5.72625513024627	7.27374486975273
21	WGN15	7.49999999999958	0.394358831278453	1148	6.72625513024635	8.27374486975281
22	WGN15	7.49999999999955	0.394358831278452	1148	6.72625513024632	8.27374486975278
23	WGN15	8.99999999999961	0.394358831278443	1148	8.2262551302464	9.77374486975282
24	WGN15	5.92645778938171	0.557828940739948	1148	4.83197924125798	7.02093633750544
25	WGN15	8.4999999999996	0.394358831278446	1148	7.72625513024639	9.27374486975282
26	WGN15	5.99999999999956	0.394358831278449	1148	5.22625513024634	6.77374486975278
27	WGN15	8.99999999999961	0.394358831278446	1148	8.22625513024639	9.77374486975282
28	WGN15	7.49999999999963	0.394358831278443	1148	6.72625513024642	8.27374486975284
29	WGN15	8.49999999999961	0.394358831278453	1148	7.72625513024638	9.27374486975284
30	WGN15	7.99999999999961	0.394358831278448	1148	7.22625513024639	8.77374486975283
31	WGN15	8.92645778938171	0.557828940739967	1148	7.83197924125794	10.0209363375055
32	WGN15	7.99999999999958	0.394358831278446	1148	7.22625513024636	8.77374486975279
33	WGN15	7.49999999999955	0.394358831278452	1148	6.72625513024632	8.27374486975278
34	WGN15	8.49999999999957	0.394358831278448	1148	7.72625513024635	9.27374486975279
35	WGN15	7.99999999999959	0.394358831278441	1148	7.22625513024639	8.7737448697528
36	WGN15	6.49999999999958	0.394358831278443	1148	5.72625513024637	7.27374486975279
37	WGN15	6.49999999999959	0.394358831278446	1148	5.72625513024637	7.2737448697528
38	WGN15	7.99999999999956	0.394358831278442	1148	7.22625513024635	8.77374486975276
39	WGN15	6.49999999999968	0.394358831278439	1148	5.72625513024648	7.27374486975289
40	WGN15	7.99999999999955	0.394358831278444	1148	7.22625513024634	8.77374486975276
41	WGN15	5.99999999999961	0.394358831278446	1148	5.22625513024639	6.77374486975283
43	WGN15	7.99999999999957	0.394358831278455	1148	7.22625513024633	8.7737448697528
44	WGN15	6.9999999999996	0.394358831278452	1148	6.22625513024637	7.77374486975283
45	WGN15	7.99999999999959	0.394358831278443	1148	7.22625513024638	8.7737448697528
46	WGN15	5.99999999999964	0.394358831278441	1148	5.22625513024643	6.77374486975284
47	WGN15	7.49999999999957	0.394358831278449	1148	6.72625513024635	8.27374486975279
48	WGN15	7.99999999999959	0.394358831278448	1148	7.22625513024637	8.77374486975281
50	WGN15	8.99999999999956	0.394358831278448	1148	8.22625513024634	9.77374486975279
51	WGN15	6.99999999999962	0.39435883127844	1148	6.22625513024641	7.77374486975282
52	WGN15	6.49999999999953	0.394358831278447	1148	5.72625513024631	7.27374486975275
53	WGN15	5.9999999999996	0.394358831278443	1148	5.22625513024639	6.77374486975281
54	WGN15	6.92645778938157	0.557828940739962	1148	5.83197924125781	8.02093633750533
55	WGN15	8.49999999999959	0.394358831278457	1148	7.72625513024636	9.27374486975283
56	WGN15	8.49999999999964	0.394358831278441	1148	7.72625513024643	9.27374486975284
57	WGN15	5.99999999999963	0.394358831278448	1148	5.22625513024641	6.77374486975285
58	WGN15	5.99999999999953	0.394358831278455	1148	5.2262551302463	6.77374486975276
59	WGN15	5.9999999999996	0.394358831278446	1148	5.22625513024638	6.77374486975281
60	WGN15	7.99999999999961	0.394358831278455	1148	7.22625513024638	8.77374486975285
61	WGN15	8.49999999999956	0.394358831278457	1148	7.72625513024633	9.2737448697528
62	WGN15	8.49999999999957	0.394358831278448	1148	7.72625513024635	9.27374486975279
63	WGN15	8.49999999999954	0.394358831278453	1148	7.72625513024631	9.27374486975277
64	WGN15	6.99999999999942	0.394358831278461	1148	6.22625513024617	7.77374486975266
65	WGN15	6.99999999999957	0.39435883127845	1148	6.22625513024635	7.7737448697528
66	WGN15	5.99999999999958	0.394358831278445	1148	5.22625513024636	6.77374486975279
67	WGN15	8.4999999999996	0.394358831278453	1148	7.72625513024637	9.27374486975283
68	WGN15	6.99999999999959	0.394358831278444	1148	6.22625513024638	7.7737448697528
69	WGN15	7.99999999999958	0.394358831278447	1148	7.22625513024636	8.77374486975279
70	WGN15	8.49999999999956	0.394358831278449	1148	7.72625513024634	9.27374486975278
71	WGN15	8.49999999999961	0.394358831278447	1148	7.72625513024639	9.27374486975283
72	WGN15	6.49999999999956	0.39435883127845	1148	5.72625513024634	7.27374486975278
73	WGN15	7.99999999999957	0.394358831278446	1148	7.22625513024635	8.77374486975278
74	WGN15	6.49999999999956	0.394358831278454	1148	5.72625513024633	7.27374486975279
75	WGN15	7.92645778938167	0.557828940739962	1148	6.83197924125791	9.02093633750543
77	WGN15	5.99999999999956	0.394358831278449	1148	5.22625513024634	6.77374486975278
78	WGN15	5.99999999999954	0.394358831278455	1148	5.22625513024631	6.77374486975278
79	WGN15	5.99999999999962	0.394358831278444	1148	5.22625513024641	6.77374486975283
80	WGN15	6.99999999999958	0.394358831278452	1148	6.22625513024635	7.77374486975281
81	WGN15	7.99999999999958	0.394358831278457	1148	7.22625513024634	8.77374486975282
82	WGN15	5.99999999999958	0.394358831278447	1148	5.22625513024636	6.7737448697528
83	WGN15	7.99999999999958	0.39435883127845	1148	7.22625513024635	8.7737448697528
84	WGN15	7.99999999999959	0.394358831278448	1148	7.22625513024637	8.7737448697528
85	WGN15	7.99999999999958	0.394358831278447	1148	7.22625513024636	8.7737448697528
86	WGN15	6.9999999999996	0.394358831278448	1148	6.22625513024638	7.77374486975282
87	WGN15	7.49999999999959	0.394358831278447	1148	6.72625513024637	8.2737448697528
88	WGN15	6.99999999999961	0.394358831278444	1148	6.2262551302464	7.77374486975283
89	WGN15	7.49999999999957	0.394358831278452	1148	6.72625513024634	8.27374486975279
90	WGN15	7.99999999999957	0.394358831278448	1148	7.22625513024635	8.77374486975279
91	WGN15	6.99999999999959	0.394358831278456	1148	6.22625513024635	7.77374486975283
92	WGN15	7.99999999999959	0.394358831278449	1148	7.22625513024637	8.77374486975281
93	WGN15	7.99999999999956	0.394358831278447	1148	7.22625513024634	8.77374486975278
94	WGN15	8.49999999999957	0.394358831278449	1148	7.72625513024635	9.27374486975279
95	WGN15	7.99999999999959	0.394358831278449	1148	7.22625513024636	8.77374486975281
96	WGN15	7.99999999999957	0.394358831278449	1148	7.22625513024635	8.77374486975279
97	WGN15	6.9999999999996	0.394358831278446	1148	6.22625513024639	7.77374486975282
98	WGN15	5.99999999999956	0.39435883127845	1148	5.22625513024634	6.77374486975279
99	WGN15	8.99999999999957	0.39435883127845	1148	8.22625513024635	9.7737448697528
100	WGN15	7.99999999999959	0.394358831278449	1148	7.22625513024636	8.77374486975281
101	WGN15	7.99999999999957	0.394358831278448	1148	7.22625513024635	8.77374486975279
102	WGN15	5.99999999999958	0.394358831278453	1148	5.22625513024635	6.77374486975281
103	WGN15	8.49999999999959	0.394358831278447	1148	7.72625513024637	9.27374486975281
104	WGN15	5.99999999999958	0.394358831278448	1148	5.22625513024636	6.7737448697528
106	WGN15	6.99999999999957	0.394358831278447	1148	6.22625513024635	7.77374486975279
107	WGN15	8.99999999999959	0.394358831278452	1148	8.22625513024636	9.77374486975282
108	WGN15	8.99999999999958	0.394358831278448	1148	8.22625513024636	9.7737448697528
109	WGN15	6.99999999999957	0.394358831278447	1148	6.22625513024635	7.77374486975279
110	WGN15	7.49999999999959	0.39435883127845	1148	6.72625513024637	8.27374486975282
111	WGN15	7.99999999999959	0.394358831278445	1148	7.22625513024638	8.77374486975281
112	WGN15	7.99999999999958	0.39435883127845	1148	7.22625513024636	8.77374486975281
113	WGN15	7.99999999999957	0.394358831278451	1148	7.22625513024635	8.77374486975279
114	WGN15	7.49999999999958	0.394358831278449	1148	6.72625513024636	8.2737448697528
115	WGN15	7.9999999999996	0.394358831278447	1148	7.22625513024638	8.77374486975282
116	WGN15	6.49999999999957	0.394358831278449	1148	5.72625513024635	7.2737448697528
117	WGN15	7.99999999999956	0.394358831278454	1148	7.22625513024633	8.77374486975279
118	WGN15	7.99999999999959	0.394358831278444	1148	7.22625513024638	8.7737448697528
119	WGN15	8.49999999999958	0.39435883127845	1148	7.72625513024635	9.2737448697528
120	WGN15	7.49999999999959	0.394358831278447	1148	6.72625513024637	8.2737448697528
121	WGN15	6.49999999999958	0.394358831278447	1148	5.72625513024636	7.2737448697528
122	WGN15	5.99999999999953	0.394358831278453	1148	5.2262551302463	6.77374486975276
123	WGN15	8.99999999999956	0.394358831278449	1148	8.22625513024634	9.77374486975279
124	WGN15	7.49999999999958	0.39435883127845	1148	6.72625513024636	8.27374486975281
125	WGN15	7.49999999999958	0.394358831278449	1148	6.72625513024636	8.2737448697528
126	WGN15	6.99999999999958	0.394358831278444	1148	6.22625513024637	7.77374486975279
127	WGN15	6.49999999999964	0.394358831278444	1148	5.72625513024643	7.27374486975285
128	WGN15	7.49999999999958	0.39435883127845	1148	6.72625513024636	8.2737448697528
129	WGN15	5.9999999999996	0.394358831278447	1148	5.22625513024638	6.77374486975282
130	WGN15	7.49999999999958	0.39435883127845	1148	6.72625513024636	8.2737448697528
1	WGN26	7.0735422106178	0.557828940739962	1148	5.97906366249404	8.16802075874156
3	WGN26	6.49999999999972	0.394358831278448	1148	5.72625513024651	7.27374486975294
4	WGN26	8.49999999999983	0.394358831278453	1148	7.7262551302466	9.27374486975306
5	WGN26	7.4999999999998	0.394358831278459	1148	6.72625513024656	8.27374486975304
6	WGN26	7.49999999999981	0.394358831278447	1148	6.72625513024659	8.27374486975302
7	WGN26	7.99999999999979	0.394358831278446	1148	7.22625513024658	8.77374486975301
8	WGN26	6.4999999999998	0.39435883127844	1148	5.72625513024659	7.273744869753
9	WGN26	5.99999999999986	0.394358831278439	1148	5.22625513024666	6.77374486975306
10	WGN26	5.9999999999998	0.394358831278447	1148	5.22625513024658	6.77374486975302
11	WGN26	6.99999999999976	0.394358831278446	1148	6.22625513024654	7.77374486975297
12	WGN26	7.49999999999976	0.394358831278448	1148	6.72625513024654	8.27374486975298
13	WGN26	7.99999999999976	0.394358831278444	1148	7.22625513024655	8.77374486975298
14	WGN26	7.49999999999977	0.39435883127845	1148	6.72625513024654	8.27374486975299
15	WGN26	7.99999999999973	0.394358831278441	1148	7.22625513024652	8.77374486975294
17	WGN26	7.99999999999977	0.394358831278445	1148	7.22625513024656	8.77374486975299
18	WGN26	6.9999999999998	0.394358831278448	1148	6.22625513024658	7.77374486975302
19	WGN26	7.07354221061768	0.557828940739966	1148	5.97906366249391	8.16802075874144
20	WGN26	6.49999999999976	0.394358831278451	1148	5.72625513024654	7.27374486975299
21	WGN26	6.49999999999981	0.394358831278453	1148	5.72625513024658	7.27374486975304
22	WGN26	8.49999999999969	0.394358831278441	1148	7.72625513024649	9.2737448697529
23	WGN26	7.49999999999976	0.394358831278449	1148	6.72625513024654	8.27374486975298
24	WGN26	7.92645778938185	0.557828940739948	1148	6.83197924125812	9.02093633750558
25	WGN26	6.99999999999979	0.394358831278439	1148	6.22625513024659	7.77374486975299
26	WGN26	7.99999999999977	0.394358831278451	1148	7.22625513024654	8.77374486975299
27	WGN26	5.99999999999979	0.394358831278443	1148	5.22625513024658	6.773744869753
28	WGN26	5.99999999999979	0.394358831278447	1148	5.22625513024657	6.77374486975301
29	WGN26	6.49999999999979	0.394358831278452	1148	5.72625513024657	7.27374486975302
30	WGN26	5.99999999999974	0.394358831278456	1148	5.2262551302465	6.77374486975297
31	WGN26	6.99999999999978	0.394358831278447	1148	6.22625513024656	7.77374486975299
32	WGN26	5.99999999999975	0.394358831278454	1148	5.22625513024652	6.77374486975298
33	WGN26	6.92645778938183	0.557828940739962	1148	5.83197924125807	8.02093633750559
34	WGN26	7.9999999999998	0.394358831278451	1148	7.22625513024657	8.77374486975302
35	WGN26	6.99999999999979	0.394358831278449	1148	6.22625513024657	7.77374486975301
36	WGN26	7.99999999999978	0.394358831278452	1148	7.22625513024656	8.77374486975301
38	WGN26	6.49999999999979	0.394358831278446	1148	5.72625513024658	7.27374486975301
39	WGN26	7.49999999999978	0.394358831278448	1148	6.72625513024656	8.273744869753
40	WGN26	6.49999999999979	0.394358831278446	1148	5.72625513024657	7.273744869753
41	WGN26	6.99999999999978	0.394358831278445	1148	6.22625513024657	7.77374486975299
42	WGN26	7.99999999999977	0.394358831278447	1148	7.22625513024655	8.77374486975299
43	WGN26	7.99999999999979	0.39435883127845	1148	7.22625513024656	8.77374486975301
44	WGN26	7.99999999999979	0.394358831278449	1148	7.22625513024656	8.77374486975301
45	WGN26	7.99999999999977	0.394358831278445	1148	7.22625513024656	8.77374486975298
46	WGN26	7.49999999999977	0.394358831278447	1148	6.72625513024655	8.27374486975299
47	WGN26	7.49999999999979	0.394358831278451	1148	6.72625513024656	8.27374486975301
48	WGN26	5.99999999999977	0.39435883127845	1148	5.22625513024655	6.77374486975299
49	WGN26	5.99999999999976	0.39435883127845	1148	5.22625513024654	6.77374486975299
50	WGN26	7.99999999999977	0.394358831278446	1148	7.22625513024656	8.77374486975299
51	WGN26	7.99999999999977	0.394358831278446	1148	7.22625513024656	8.77374486975299
52	WGN26	6.99999999999978	0.394358831278448	1148	6.22625513024656	7.773744869753
53	WGN26	8.49999999999976	0.394358831278447	1148	7.72625513024655	9.27374486975298
54	WGN26	6.99999999999978	0.394358831278449	1148	6.22625513024655	7.773744869753
55	WGN26	8.99999999999972	0.394358831278443	1148	8.22625513024651	9.77374486975293
56	WGN26	7.49999999999976	0.394358831278446	1148	6.72625513024655	8.27374486975298
57	WGN26	6.49999999999979	0.394358831278446	1148	5.72625513024658	7.27374486975301
58	WGN26	6.49999999999979	0.394358831278445	1148	5.72625513024657	7.273744869753
59	WGN26	8.07354221061769	0.557828940739952	1148	6.97906366249395	9.16802075874143
60	WGN26	6.99999999999977	0.394358831278445	1148	6.22625513024655	7.77374486975298
61	WGN26	5.99999999999973	0.394358831278449	1148	5.22625513024651	6.77374486975296
62	WGN26	6.99999999999979	0.394358831278451	1148	6.22625513024656	7.77374486975301
64	WGN26	6.49999999999978	0.394358831278448	1148	5.72625513024656	7.273744869753
65	WGN26	6.99999999999978	0.394358831278444	1148	6.22625513024657	7.77374486975299
66	WGN26	7.99999999999979	0.394358831278454	1148	7.22625513024656	8.77374486975302
67	WGN26	6.99999999999977	0.394358831278453	1148	6.22625513024654	7.773744869753
68	WGN26	7.99999999999981	0.394358831278451	1148	7.22625513024659	8.77374486975304
69	WGN26	8.99999999999979	0.394358831278446	1148	8.22625513024657	9.773744869753
70	WGN26	5.99999999999978	0.394358831278449	1148	5.22625513024656	6.773744869753
71	WGN26	6.99999999999979	0.39435883127845	1148	6.22625513024656	7.77374486975301
72	WGN26	5.92645778938187	0.557828940739948	1148	4.83197924125814	7.0209363375056
73	WGN26	5.99999999999977	0.394358831278448	1148	5.22625513024655	6.77374486975299
74	WGN26	6.49999999999977	0.394358831278452	1148	5.72625513024654	7.27374486975299
75	WGN26	7.49999999999978	0.394358831278449	1148	6.72625513024656	8.273744869753
76	WGN26	5.9999999999998	0.394358831278444	1148	5.22625513024659	6.77374486975302
77	WGN26	7.99999999999976	0.394358831278447	1148	7.22625513024654	8.77374486975298
78	WGN26	7.4999999999998	0.394358831278448	1148	6.72625513024658	8.27374486975302
79	WGN26	6.92645778938185	0.557828940739957	1148	5.8319792412581	8.0209363375056
80	WGN26	6.99999999999977	0.394358831278449	1148	6.22625513024655	7.77374486975299
81	WGN26	7.99999999999976	0.39435883127845	1148	7.22625513024654	8.77374486975299
82	WGN26	7.99999999999981	0.39435883127845	1148	7.22625513024658	8.77374486975303
83	WGN26	6.49999999999976	0.394358831278447	1148	5.72625513024654	7.27374486975298
85	WGN26	7.49999999999977	0.394358831278449	1148	6.72625513024655	8.27374486975299
86	WGN26	6.07354221061771	0.557828940739952	1148	4.97906366249397	7.16802075874145
87	WGN26	7.99999999999979	0.394358831278451	1148	7.22625513024656	8.77374486975301
88	WGN26	5.99999999999979	0.394358831278444	1148	5.22625513024657	6.773744869753
89	WGN26	7.49999999999977	0.394358831278448	1148	6.72625513024655	8.27374486975299
90	WGN26	5.99999999999978	0.39435883127845	1148	5.22625513024656	6.773744869753
91	WGN26	8.49999999999976	0.394358831278445	1148	7.72625513024655	9.27374486975298
92	WGN26	6.99999999999976	0.394358831278449	1148	6.22625513024654	7.77374486975298
93	WGN26	6.49999999999977	0.39435883127845	1148	5.72625513024655	7.27374486975299
94	WGN26	6.49999999999976	0.394358831278449	1148	5.72625513024653	7.27374486975298
95	WGN26	7.99999999999976	0.394358831278441	1148	7.22625513024655	8.77374486975297
96	WGN26	7.99999999999978	0.394358831278453	1148	7.22625513024655	8.77374486975301
97	WGN26	6.99999999999978	0.394358831278452	1148	6.22625513024655	7.773744869753
98	WGN26	5.99999999999978	0.394358831278449	1148	5.22625513024656	6.773744869753
99	WGN26	7.99999999999977	0.394358831278452	1148	7.22625513024654	8.773744869753
100	WGN26	7.49999999999978	0.394358831278449	1148	6.72625513024656	8.273744869753
101	WGN26	5.99999999999978	0.39435883127845	1148	5.22625513024656	6.773744869753
102	WGN26	5.99999999999978	0.394358831278448	1148	5.22625513024656	6.773744869753
103	WGN26	6.49999999999979	0.394358831278445	1148	5.72625513024657	7.273744869753
104	WGN26	5.99999999999977	0.394358831278445	1148	5.22625513024656	6.77374486975298
105	WGN26	7.99999999999977	0.394358831278445	1148	7.22625513024655	8.77374486975298
106	WGN26	5.99999999999977	0.394358831278449	1148	5.22625513024655	6.77374486975299
108	WGN26	7.99999999999976	0.394358831278447	1148	7.22625513024654	8.77374486975298
109	WGN26	7.49999999999976	0.394358831278448	1148	6.72625513024654	8.27374486975298
111	WGN26	6.49999999999977	0.394358831278449	1148	5.72625513024655	7.27374486975299
112	WGN26	5.99999999999977	0.394358831278445	1148	5.22625513024656	6.77374486975299
113	WGN26	5.99999999999977	0.394358831278449	1148	5.22625513024655	6.77374486975299
115	WGN26	7.99999999999978	0.39435883127845	1148	7.22625513024655	8.773744869753
116	WGN26	6.49999999999976	0.394358831278451	1148	5.72625513024653	7.27374486975298
117	WGN26	7.49999999999976	0.394358831278448	1148	6.72625513024654	8.27374486975298
118	WGN26	7.49999999999977	0.394358831278448	1148	6.72625513024655	8.27374486975299
119	WGN26	6.49999999999976	0.394358831278445	1148	5.72625513024654	7.27374486975297
120	WGN26	7.99999999999975	0.394358831278445	1148	7.22625513024654	8.77374486975297
121	WGN26	7.99999999999977	0.394358831278449	1148	7.22625513024655	8.77374486975299
122	WGN26	6.99999999999977	0.39435883127845	1148	6.22625513024655	7.773744869753
123	WGN26	6.49999999999977	0.394358831278449	1148	5.72625513024655	7.273744869753
124	WGN26	5.92645778938187	0.557828940739955	1148	4.83197924125812	7.02093633750561
125	WGN26	7.99999999999984	0.394358831278449	1148	7.22625513024662	8.77374486975306
126	WGN26	7.99999999999977	0.394358831278447	1148	7.22625513024655	8.77374486975299
127	WGN26	7.99999999999979	0.394358831278449	1148	7.22625513024657	8.77374486975301
128	WGN26	7.49999999999977	0.394358831278451	1148	6.72625513024655	8.273744869753
129	WGN26	7.99999999999976	0.394358831278445	1148	7.22625513024655	8.77374486975298
130	WGN26	7.49999999999979	0.394358831278445	1148	6.72625513024658	8.273744869753
1	WGN36	7.4999999999999	0.394358831278432	1148	6.72625513024671	8.27374486975309
2	WGN36	7.49999999999973	0.394358831278441	1148	6.72625513024653	8.27374486975294
4	WGN36	8.49999999999965	0.394358831278447	1148	7.72625513024643	9.27374486975287
5	WGN36	6.99999999999976	0.394358831278453	1148	6.22625513024653	7.77374486975299
6	WGN36	6.49999999999969	0.394358831278453	1148	5.72625513024646	7.27374486975292
7	WGN36	5.99999999999973	0.394358831278447	1148	5.22625513024651	6.77374486975295
8	WGN36	6.4999999999997	0.394358831278454	1148	5.72625513024646	7.27374486975293
9	WGN36	6.9264577893818	0.55782894073995	1148	5.83197924125807	8.02093633750554
10	WGN36	6.99999999999975	0.394358831278445	1148	6.22625513024654	7.77374486975297
11	WGN36	5.99999999999978	0.394358831278438	1148	5.22625513024658	6.77374486975298
12	WGN36	7.92645778938185	0.557828940739965	1148	6.83197924125809	9.02093633750562
13	WGN36	7.99999999999967	0.394358831278439	1148	7.22625513024647	8.77374486975287
14	WGN36	8.99999999999967	0.394358831278444	1148	8.22625513024646	9.77374486975289
15	WGN36	6.99999999999975	0.394358831278443	1148	6.22625513024654	7.77374486975295
16	WGN36	5.99999999999974	0.394358831278447	1148	5.22625513024652	6.77374486975296
17	WGN36	6.49999999999971	0.394358831278454	1148	5.72625513024648	7.27374486975294
18	WGN36	6.99999999999973	0.394358831278445	1148	6.22625513024652	7.77374486975295
19	WGN36	5.99999999999974	0.394358831278447	1148	5.22625513024652	6.77374486975296
20	WGN36	5.99999999999973	0.394358831278443	1148	5.22625513024652	6.77374486975294
21	WGN36	7.99999999999972	0.394358831278443	1148	7.22625513024652	8.77374486975294
22	WGN36	7.99999999999976	0.39435883127845	1148	7.22625513024653	8.77374486975298
23	WGN36	7.4999999999997	0.394358831278449	1148	6.72625513024648	8.27374486975292
24	WGN36	7.49999999999976	0.394358831278448	1148	6.72625513024654	8.27374486975298
26	WGN36	5.99999999999977	0.394358831278442	1148	5.22625513024656	6.77374486975297
27	WGN36	5.99999999999974	0.394358831278447	1148	5.22625513024652	6.77374486975296
28	WGN36	7.49999999999972	0.394358831278447	1148	6.72625513024651	8.27374486975294
30	WGN36	7.99999999999971	0.39435883127845	1148	7.22625513024649	8.77374486975293
31	WGN36	5.99999999999969	0.394358831278452	1148	5.22625513024646	6.77374486975292
32	WGN36	5.99999999999967	0.394358831278453	1148	5.22625513024644	6.7737448697529
33	WGN36	7.99999999999975	0.394358831278444	1148	7.22625513024654	8.77374486975296
34	WGN36	7.49999999999974	0.394358831278455	1148	6.72625513024651	8.27374486975298
35	WGN36	5.9999999999997	0.394358831278451	1148	5.22625513024647	6.77374486975292
36	WGN36	6.99999999999974	0.394358831278444	1148	6.22625513024652	7.77374486975295
37	WGN36	5.99999999999972	0.394358831278444	1148	5.22625513024651	6.77374486975293
38	WGN36	5.92645778938184	0.55782894073995	1148	4.83197924125811	7.02093633750558
39	WGN36	8.49999999999971	0.394358831278447	1148	7.72625513024649	9.27374486975293
40	WGN36	5.99999999999971	0.39435883127845	1148	5.22625513024649	6.77374486975294
41	WGN36	6.49999999999972	0.394358831278449	1148	5.7262551302465	7.27374486975294
42	WGN36	6.99999999999974	0.394358831278445	1148	6.22625513024652	7.77374486975295
43	WGN36	6.99999999999972	0.394358831278448	1148	6.22625513024651	7.77374486975294
44	WGN36	5.99999999999971	0.394358831278451	1148	5.22625513024648	6.77374486975293
45	WGN36	5.99999999999971	0.39435883127845	1148	5.22625513024648	6.77374486975293
46	WGN36	8.49999999999973	0.394358831278451	1148	7.7262551302465	9.27374486975295
47	WGN36	7.99999999999973	0.394358831278446	1148	7.22625513024651	8.77374486975294
48	WGN36	6.99999999999974	0.394358831278446	1148	6.22625513024652	7.77374486975295
49	WGN36	6.99999999999972	0.394358831278448	1148	6.2262551302465	7.77374486975294
51	WGN36	7.99999999999972	0.394358831278447	1148	7.22625513024651	8.77374486975294
52	WGN36	6.99999999999974	0.394358831278446	1148	6.22625513024652	7.77374486975295
53	WGN36	5.99999999999973	0.394358831278449	1148	5.2262551302465	6.77374486975295
54	WGN36	7.99999999999972	0.394358831278446	1148	7.22625513024651	8.77374486975294
55	WGN36	6.49999999999971	0.39435883127845	1148	5.72625513024649	7.27374486975294
56	WGN36	5.99999999999973	0.394358831278448	1148	5.22625513024651	6.77374486975295
57	WGN36	7.99999999999973	0.394358831278448	1148	7.22625513024651	8.77374486975295
58	WGN36	8.49999999999972	0.394358831278448	1148	7.72625513024651	9.27374486975294
59	WGN36	6.49999999999973	0.394358831278446	1148	5.72625513024652	7.27374486975295
60	WGN36	6.49999999999974	0.394358831278446	1148	5.72625513024652	7.27374486975295
62	WGN36	7.49999999999973	0.394358831278447	1148	6.72625513024652	8.27374486975295
64	WGN36	6.49999999999971	0.39435883127845	1148	5.72625513024649	7.27374486975294
65	WGN36	5.99999999999972	0.394358831278449	1148	5.2262551302465	6.77374486975294
66	WGN36	5.9999999999997	0.39435883127845	1148	5.22625513024648	6.77374486975293
68	WGN36	5.99999999999972	0.394358831278449	1148	5.2262551302465	6.77374486975294
69	WGN36	5.99999999999971	0.394358831278449	1148	5.22625513024649	6.77374486975294
70	WGN36	5.99999999999972	0.394358831278449	1148	5.2262551302465	6.77374486975294
71	WGN36	5.99999999999973	0.394358831278447	1148	5.22625513024651	6.77374486975295
72	WGN36	7.49999999999972	0.394358831278448	1148	6.7262551302465	8.27374486975294
74	WGN36	7.49999999999973	0.394358831278447	1148	6.72625513024651	8.27374486975294
75	WGN36	5.99999999999973	0.394358831278449	1148	5.22625513024651	6.77374486975295
76	WGN36	6.99999999999973	0.394358831278448	1148	6.22625513024651	7.77374486975294
77	WGN36	5.99999999999972	0.394358831278449	1148	5.2262551302465	6.77374486975294
78	WGN36	6.99999999999973	0.394358831278448	1148	6.22625513024651	7.77374486975295
79	WGN36	5.99999999999971	0.39435883127845	1148	5.22625513024649	6.77374486975294
80	WGN36	5.99999999999973	0.394358831278448	1148	5.22625513024651	6.77374486975294
81	WGN36	5.99999999999972	0.394358831278448	1148	5.2262551302465	6.77374486975294
82	WGN36	6.49999999999972	0.394358831278451	1148	5.72625513024649	7.27374486975294
83	WGN36	6.49999999999973	0.394358831278447	1148	5.72625513024651	7.27374486975294
84	WGN36	6.99999999999973	0.394358831278449	1148	6.22625513024651	7.77374486975295
85	WGN36	5.99999999999971	0.39435883127845	1148	5.22625513024649	6.77374486975293
86	WGN36	5.99999999999972	0.394358831278449	1148	5.2262551302465	6.77374486975294
87	WGN36	5.99999999999973	0.394358831278449	1148	5.22625513024651	6.77374486975295
88	WGN36	5.99999999999972	0.394358831278449	1148	5.2262551302465	6.77374486975294
89	WGN36	5.99999999999972	0.394358831278449	1148	5.2262551302465	6.77374486975294
90	WGN36	5.99999999999972	0.394358831278449	1148	5.2262551302465	6.77374486975294
92	WGN36	8.99999999999972	0.394358831278448	1148	8.2262551302465	9.77374486975294
93	WGN36	5.99999999999972	0.39435883127845	1148	5.22625513024649	6.77374486975294
94	WGN36	5.99999999999973	0.394358831278449	1148	5.22625513024651	6.77374486975295
95	WGN36	5.99999999999974	0.394358831278447	1148	5.22625513024653	6.77374486975296
96	WGN36	8.49999999999974	0.394358831278449	1148	7.72625513024652	9.27374486975296
97	WGN36	6.49999999999973	0.394358831278448	1148	5.72625513024651	7.27374486975295
98	WGN36	7.49999999999973	0.394358831278447	1148	6.72625513024651	8.27374486975295
99	WGN36	6.49999999999976	0.394358831278449	1148	5.72625513024653	7.27374486975298
100	WGN36	5.99999999999972	0.394358831278449	1148	5.22625513024649	6.77374486975294
102	WGN36	5.99999999999971	0.39435883127845	1148	5.22625513024649	6.77374486975293
104	WGN36	6.49999999999971	0.39435883127845	1148	5.72625513024649	7.27374486975294
105	WGN36	6.49999999999973	0.394358831278448	1148	5.72625513024651	7.27374486975295
106	WGN36	6.49999999999972	0.394358831278447	1148	5.7262551302465	7.27374486975294
107	WGN36	5.99999999999972	0.394358831278448	1148	5.2262551302465	6.77374486975294
108	WGN36	5.99999999999972	0.394358831278449	1148	5.2262551302465	6.77374486975295
109	WGN36	5.99999999999972	0.394358831278449	1148	5.2262551302465	6.77374486975295
110	WGN36	5.99999999999973	0.394358831278448	1148	5.22625513024651	6.77374486975295
112	WGN36	5.99999999999971	0.394358831278449	1148	5.22625513024649	6.77374486975294
114	WGN36	6.99999999999971	0.39435883127845	1148	6.22625513024649	7.77374486975294
116	WGN36	6.99999999999972	0.394358831278446	1148	6.22625513024651	7.77374486975294
117	WGN36	6.49999999999973	0.394358831278448	1148	5.72625513024651	7.27374486975295
118	WGN36	5.99999999999972	0.394358831278446	1148	5.2262551302465	6.77374486975294
119	WGN36	5.99999999999972	0.394358831278448	1148	5.22625513024651	6.77374486975294
120	WGN36	7.49999999999973	0.394358831278449	1148	6.72625513024651	8.27374486975295
121	WGN36	6.99999999999973	0.394358831278448	1148	6.22625513024651	7.77374486975295
122	WGN36	8.49999999999971	0.394358831278447	1148	7.72625513024649	9.27374486975293
123	WGN36	6.49999999999973	0.394358831278448	1148	5.72625513024651	7.27374486975295
124	WGN36	6.49999999999972	0.394358831278449	1148	5.7262551302465	7.27374486975294
125	WGN36	5.99999999999973	0.394358831278449	1148	5.2262551302465	6.77374486975295
126	WGN36	6.99999999999973	0.394358831278448	1148	6.22625513024651	7.77374486975295
127	WGN36	5.99999999999973	0.394358831278448	1148	5.22625513024651	6.77374486975295
128	WGN36	5.99999999999972	0.394358831278448	1148	5.2262551302465	6.77374486975294
129	WGN36	5.99999999999972	0.394358831278447	1148	5.2262551302465	6.77374486975294
130	WGN36	5.99999999999973	0.394358831278447	1148	5.22625513024651	6.77374486975294
1	WGN38	6.49999999999934	0.394358831278425	1148	5.72625513024617	7.27374486975252
2	WGN38	5.99999999999982	0.394358831278451	1148	5.22625513024659	6.77374486975304
3	WGN38	6.9999999999998	0.394358831278445	1148	6.22625513024658	7.77374486975301
4	WGN38	5.99999999999982	0.394358831278452	1148	5.22625513024659	6.77374486975304
5	WGN38	7.99999999999985	0.394358831278452	1148	7.22625513024662	8.77374486975308
6	WGN38	5.92645778938196	0.557828940739948	1148	4.83197924125823	7.0209363375057
7	WGN38	5.99999999999982	0.39435883127845	1148	5.22625513024659	6.77374486975304
8	WGN38	5.99999999999982	0.394358831278447	1148	5.2262551302466	6.77374486975304
10	WGN38	6.99999999999986	0.39435883127845	1148	6.22625513024663	7.77374486975308
11	WGN38	7.49999999999986	0.394358831278448	1148	6.72625513024664	8.27374486975308
12	WGN38	5.99999999999988	0.39435883127845	1148	5.22625513024666	6.7737448697531
13	WGN38	5.99999999999983	0.394358831278445	1148	5.22625513024662	6.77374486975304
14	WGN38	5.99999999999979	0.394358831278445	1148	5.22625513024657	6.773744869753
16	WGN38	5.99999999999983	0.394358831278447	1148	5.22625513024661	6.77374486975304
18	WGN38	5.99999999999985	0.394358831278447	1148	5.22625513024663	6.77374486975307
19	WGN38	5.99999999999984	0.394358831278448	1148	5.22625513024662	6.77374486975306
20	WGN38	7.49999999999977	0.394358831278439	1148	6.72625513024657	8.27374486975297
21	WGN38	5.99999999999982	0.394358831278449	1148	5.2262551302466	6.77374486975304
22	WGN38	5.99999999999979	0.394358831278454	1148	5.22625513024655	6.77374486975302
23	WGN38	6.9999999999998	0.394358831278443	1148	6.22625513024659	7.77374486975301
24	WGN38	5.99999999999982	0.394358831278451	1148	5.2262551302466	6.77374486975305
26	WGN38	6.49999999999981	0.394358831278447	1148	5.72625513024659	7.27374486975303
27	WGN38	6.49999999999981	0.394358831278445	1148	5.72625513024659	7.27374486975302
28	WGN38	8.49999999999985	0.394358831278451	1148	7.72625513024662	9.27374486975307
29	WGN38	6.4999999999998	0.394358831278447	1148	5.72625513024658	7.27374486975302
30	WGN38	6.49999999999983	0.39435883127845	1148	5.7262551302466	7.27374486975305
32	WGN38	5.99999999999981	0.394358831278446	1148	5.22625513024659	6.77374486975302
33	WGN38	7.49999999999984	0.394358831278453	1148	6.72625513024661	8.27374486975307
34	WGN38	5.9999999999998	0.394358831278441	1148	5.2262551302466	6.77374486975301
35	WGN38	7.49999999999985	0.394358831278452	1148	6.72625513024662	8.27374486975308
36	WGN38	5.9999999999998	0.394358831278447	1148	5.22625513024658	6.77374486975302
37	WGN38	5.99999999999978	0.394358831278449	1148	5.22625513024655	6.773744869753
38	WGN38	5.99999999999984	0.394358831278446	1148	5.22625513024662	6.77374486975306
39	WGN38	6.4999999999998	0.394358831278452	1148	5.72625513024657	7.27374486975303
40	WGN38	5.99999999999982	0.39435883127845	1148	5.2262551302466	6.77374486975305
41	WGN38	7.99999999999981	0.394358831278448	1148	7.22625513024659	8.77374486975303
42	WGN38	5.99999999999984	0.394358831278442	1148	5.22625513024664	6.77374486975305
43	WGN38	6.07354221061772	0.557828940739967	1148	4.97906366249395	7.16802075874149
45	WGN38	7.49999999999982	0.394358831278447	1148	6.7262551302466	8.27374486975303
46	WGN38	6.99999999999982	0.394358831278448	1148	6.2262551302466	7.77374486975303
47	WGN38	5.99999999999982	0.394358831278451	1148	5.22625513024659	6.77374486975304
48	WGN38	7.99999999999983	0.394358831278449	1148	7.22625513024661	8.77374486975306
49	WGN38	7.99999999999985	0.394358831278451	1148	7.22625513024663	8.77374486975308
50	WGN38	7.49999999999982	0.394358831278449	1148	6.7262551302466	8.27374486975305
51	WGN38	6.99999999999983	0.394358831278449	1148	6.2262551302466	7.77374486975305
52	WGN38	7.49999999999982	0.394358831278449	1148	6.7262551302466	8.27374486975305
53	WGN38	5.99999999999983	0.394358831278448	1148	5.22625513024661	6.77374486975304
54	WGN38	5.99999999999982	0.394358831278448	1148	5.2262551302466	6.77374486975304
55	WGN38	8.4999999999998	0.394358831278447	1148	7.72625513024659	9.27374486975302
56	WGN38	5.99999999999982	0.394358831278449	1148	5.2262551302466	6.77374486975305
59	WGN38	7.49999999999982	0.394358831278448	1148	6.7262551302466	8.27374486975304
61	WGN38	5.99999999999983	0.394358831278449	1148	5.2262551302466	6.77374486975305
63	WGN38	5.99999999999982	0.394358831278448	1148	5.2262551302466	6.77374486975304
64	WGN38	5.99999999999981	0.39435883127845	1148	5.22625513024659	6.77374486975304
65	WGN38	6.99999999999981	0.394358831278447	1148	6.22625513024659	7.77374486975303
66	WGN38	6.49999999999982	0.394358831278448	1148	5.7262551302466	7.27374486975304
67	WGN38	8.49999999999982	0.394358831278448	1148	7.7262551302466	9.27374486975304
68	WGN38	5.99999999999982	0.394358831278449	1148	5.2262551302466	6.77374486975305
69	WGN38	5.99999999999983	0.394358831278448	1148	5.22625513024661	6.77374486975305
70	WGN38	7.99999999999983	0.394358831278449	1148	7.22625513024661	8.77374486975305
72	WGN38	7.99999999999982	0.394358831278449	1148	7.2262551302466	8.77374486975304
73	WGN38	8.49999999999979	0.394358831278447	1148	7.72625513024658	9.27374486975301
74	WGN38	5.99999999999982	0.39435883127845	1148	5.2262551302466	6.77374486975304
76	WGN38	7.49999999999981	0.394358831278447	1148	6.72625513024659	8.27374486975303
77	WGN38	7.99999999999982	0.394358831278448	1148	7.2262551302466	8.77374486975304
78	WGN38	5.99999999999982	0.39435883127845	1148	5.2262551302466	6.77374486975305
80	WGN38	5.99999999999982	0.394358831278449	1148	5.2262551302466	6.77374486975304
81	WGN38	6.49999999999982	0.394358831278448	1148	5.7262551302466	7.27374486975304
82	WGN38	6.49999999999982	0.39435883127845	1148	5.7262551302466	7.27374486975305
83	WGN38	7.49999999999982	0.394358831278449	1148	6.7262551302466	8.27374486975304
84	WGN38	5.99999999999982	0.394358831278448	1148	5.2262551302466	6.77374486975304
85	WGN38	5.99999999999982	0.394358831278449	1148	5.2262551302466	6.77374486975304
86	WGN38	6.99999999999982	0.394358831278448	1148	6.2262551302466	7.77374486975304
87	WGN38	5.99999999999982	0.394358831278448	1148	5.2262551302466	6.77374486975304
88	WGN38	5.99999999999982	0.394358831278449	1148	5.22625513024659	6.77374486975304
89	WGN38	7.99999999999981	0.394358831278448	1148	7.22625513024659	8.77374486975303
90	WGN38	7.99999999999982	0.394358831278449	1148	7.2262551302466	8.77374486975304
91	WGN38	5.99999999999983	0.394358831278448	1148	5.22625513024661	6.77374486975305
92	WGN38	5.99999999999982	0.394358831278448	1148	5.2262551302466	6.77374486975304
93	WGN38	6.49999999999982	0.394358831278448	1148	5.7262551302466	7.27374486975304
94	WGN38	6.99999999999982	0.394358831278449	1148	6.2262551302466	7.77374486975304
95	WGN38	5.99999999999982	0.394358831278448	1148	5.2262551302466	6.77374486975304
96	WGN38	6.49999999999982	0.394358831278448	1148	5.7262551302466	7.27374486975304
97	WGN38	5.99999999999982	0.394358831278449	1148	5.2262551302466	6.77374486975305
98	WGN38	6.99999999999982	0.394358831278448	1148	6.2262551302466	7.77374486975304
99	WGN38	7.99999999999982	0.394358831278448	1148	7.2262551302466	8.77374486975304
100	WGN38	5.99999999999982	0.394358831278449	1148	5.2262551302466	6.77374486975304
101	WGN38	5.99999999999982	0.394358831278449	1148	5.2262551302466	6.77374486975304
102	WGN38	6.99999999999982	0.394358831278448	1148	6.2262551302466	7.77374486975304
103	WGN38	7.99999999999982	0.394358831278448	1148	7.2262551302466	8.77374486975304
104	WGN38	5.99999999999983	0.394358831278448	1148	5.22625513024661	6.77374486975305
106	WGN38	7.92645778938192	0.557828940739958	1148	6.83197924125817	9.02093633750567
107	WGN38	7.49999999999983	0.39435883127845	1148	6.72625513024661	8.27374486975305
108	WGN38	8.07354221061773	0.557828940739954	1148	6.97906366249399	9.16802075874148
109	WGN38	8.07354221061774	0.557828940739954	1148	6.97906366249399	9.16802075874148
110	WGN38	8.49999999999983	0.394358831278449	1148	7.72625513024661	9.27374486975305
111	WGN38	5.99999999999982	0.394358831278447	1148	5.2262551302466	6.77374486975304
112	WGN38	5.92645778938189	0.557828940739954	1148	4.83197924125815	7.02093633750564
113	WGN38	7.49999999999981	0.394358831278448	1148	6.72625513024659	8.27374486975303
114	WGN38	7.99999999999981	0.394358831278449	1148	7.22625513024659	8.77374486975303
115	WGN38	5.99999999999982	0.394358831278448	1148	5.2262551302466	6.77374486975304
1	WGN39	6.99999999999919	0.394358831278473	1148	6.22625513024592	7.77374486975246
2	WGN39	7.49999999999975	0.394358831278448	1148	6.72625513024653	8.27374486975297
3	WGN39	6.99999999999978	0.394358831278453	1148	6.22625513024655	7.77374486975301
4	WGN39	7.99999999999975	0.394358831278452	1148	7.22625513024652	8.77374486975298
5	WGN39	5.99999999999979	0.394358831278451	1148	5.22625513024656	6.77374486975302
6	WGN39	6.99999999999975	0.394358831278446	1148	6.22625513024654	7.77374486975297
7	WGN39	8.49999999999979	0.394358831278447	1148	7.72625513024657	9.27374486975301
8	WGN39	8.4999999999998	0.394358831278448	1148	7.72625513024658	9.27374486975302
9	WGN39	5.99999999999977	0.394358831278444	1148	5.22625513024656	6.77374486975298
10	WGN39	5.99999999999983	0.394358831278451	1148	5.22625513024661	6.77374486975306
11	WGN39	6.49999999999979	0.394358831278448	1148	5.72625513024657	7.27374486975301
12	WGN39	5.99999999999978	0.394358831278443	1148	5.22625513024657	6.77374486975299
13	WGN39	5.99999999999979	0.394358831278447	1148	5.22625513024657	6.77374486975301
14	WGN39	5.99999999999979	0.394358831278441	1148	5.22625513024658	6.77374486975299
15	WGN39	6.99999999999978	0.394358831278458	1148	6.22625513024654	7.77374486975302
16	WGN39	5.99999999999979	0.394358831278448	1148	5.22625513024657	6.77374486975301
17	WGN39	6.49999999999978	0.394358831278445	1148	5.72625513024657	7.273744869753
18	WGN39	8.49999999999982	0.394358831278453	1148	7.72625513024659	9.27374486975305
19	WGN39	6.49999999999979	0.394358831278453	1148	5.72625513024656	7.27374486975302
20	WGN39	7.49999999999979	0.394358831278453	1148	6.72625513024656	8.27374486975302
21	WGN39	7.49999999999975	0.394358831278443	1148	6.72625513024654	8.27374486975296
22	WGN39	6.49999999999976	0.394358831278453	1148	5.72625513024653	7.27374486975299
24	WGN39	6.49999999999978	0.394358831278441	1148	5.72625513024657	7.27374486975298
25	WGN39	7.99999999999977	0.394358831278453	1148	7.22625513024654	8.773744869753
26	WGN39	5.99999999999978	0.394358831278441	1148	5.22625513024657	6.77374486975299
27	WGN39	5.99999999999971	0.394358831278455	1148	5.22625513024648	6.77374486975294
28	WGN39	7.49999999999981	0.394358831278449	1148	6.72625513024659	8.27374486975303
29	WGN39	7.99999999999976	0.394358831278449	1148	7.22625513024654	8.77374486975298
30	WGN39	7.99999999999979	0.39435883127845	1148	7.22625513024656	8.77374486975301
31	WGN39	6.4999999999998	0.394358831278444	1148	5.72625513024659	7.27374486975301
32	WGN39	5.99999999999973	0.394358831278454	1148	5.2262551302465	6.77374486975297
34	WGN39	7.49999999999977	0.394358831278451	1148	6.72625513024654	8.27374486975299
35	WGN39	5.99999999999978	0.394358831278451	1148	5.22625513024655	6.77374486975301
36	WGN39	7.99999999999974	0.394358831278447	1148	7.22625513024652	8.77374486975295
37	WGN39	7.99999999999976	0.394358831278449	1148	7.22625513024654	8.77374486975298
38	WGN39	7.92645778938184	0.557828940739953	1148	6.8319792412581	9.02093633750558
39	WGN39	7.99999999999977	0.394358831278451	1148	7.22625513024654	8.77374486975299
40	WGN39	7.99999999999978	0.394358831278452	1148	7.22625513024655	8.773744869753
41	WGN39	7.49999999999974	0.394358831278449	1148	6.72625513024652	8.27374486975296
42	WGN39	7.99999999999974	0.394358831278445	1148	7.22625513024653	8.77374486975296
43	WGN39	6.99999999999976	0.394358831278446	1148	6.22625513024654	7.77374486975297
44	WGN39	6.49999999999977	0.394358831278449	1148	5.72625513024655	7.27374486975299
45	WGN39	6.99999999999976	0.394358831278447	1148	6.22625513024655	7.77374486975298
46	WGN39	6.49999999999977	0.394358831278445	1148	5.72625513024656	7.27374486975299
47	WGN39	6.49999999999977	0.394358831278448	1148	5.72625513024655	7.27374486975299
48	WGN39	5.99999999999975	0.394358831278451	1148	5.22625513024653	6.77374486975298
49	WGN39	6.49999999999977	0.39435883127845	1148	5.72625513024654	7.27374486975299
50	WGN39	7.99999999999974	0.394358831278446	1148	7.22625513024653	8.77374486975296
51	WGN39	6.49999999999977	0.394358831278448	1148	5.72625513024655	7.27374486975299
52	WGN39	5.99999999999975	0.394358831278451	1148	5.22625513024652	6.77374486975298
53	WGN39	6.49999999999976	0.394358831278451	1148	5.72625513024654	7.27374486975299
54	WGN39	7.99999999999978	0.394358831278451	1148	7.22625513024656	8.77374486975301
55	WGN39	5.99999999999978	0.394358831278447	1148	5.22625513024656	6.773744869753
56	WGN39	7.49999999999976	0.394358831278447	1148	6.72625513024654	8.27374486975298
57	WGN39	6.49999999999977	0.394358831278449	1148	5.72625513024655	7.27374486975299
58	WGN39	5.99999999999978	0.394358831278447	1148	5.22625513024656	6.77374486975299
59	WGN39	5.99999999999978	0.394358831278446	1148	5.22625513024656	6.773744869753
60	WGN39	6.49999999999977	0.394358831278449	1148	5.72625513024654	7.27374486975299
61	WGN39	7.49999999999976	0.394358831278447	1148	6.72625513024655	8.27374486975298
62	WGN39	5.99999999999976	0.39435883127845	1148	5.22625513024653	6.77374486975298
63	WGN39	7.99999999999977	0.394358831278449	1148	7.22625513024655	8.77374486975299
64	WGN39	6.49999999999977	0.394358831278449	1148	5.72625513024655	7.27374486975299
65	WGN39	5.99999999999977	0.394358831278449	1148	5.22625513024655	6.77374486975299
66	WGN39	7.49999999999977	0.394358831278447	1148	6.72625513024655	8.27374486975298
67	WGN39	6.99999999999977	0.394358831278447	1148	6.22625513024656	7.77374486975299
68	WGN39	7.99999999999977	0.394358831278448	1148	7.22625513024655	8.77374486975299
69	WGN39	5.99999999999978	0.394358831278446	1148	5.22625513024657	6.773744869753
70	WGN39	5.99999999999976	0.39435883127845	1148	5.22625513024654	6.77374486975299
71	WGN39	7.49999999999976	0.394358831278446	1148	6.72625513024655	8.27374486975298
72	WGN39	5.99999999999977	0.394358831278449	1148	5.22625513024655	6.77374486975299
73	WGN39	5.99999999999976	0.39435883127845	1148	5.22625513024654	6.77374486975298
74	WGN39	7.99999999999978	0.39435883127845	1148	7.22625513024655	8.773744869753
75	WGN39	7.99999999999976	0.394358831278448	1148	7.22625513024654	8.77374486975298
76	WGN39	6.49999999999977	0.394358831278449	1148	5.72625513024655	7.27374486975299
77	WGN39	5.99999999999978	0.394358831278448	1148	5.22625513024656	6.77374486975299
78	WGN39	7.49999999999977	0.394358831278449	1148	6.72625513024655	8.27374486975299
79	WGN39	7.49999999999977	0.394358831278449	1148	6.72625513024655	8.27374486975299
80	WGN39	6.49999999999977	0.39435883127845	1148	5.72625513024654	7.27374486975299
81	WGN39	7.99999999999977	0.394358831278449	1148	7.22625513024655	8.77374486975299
82	WGN39	5.99999999999977	0.39435883127845	1148	5.22625513024654	6.77374486975299
83	WGN39	5.99999999999977	0.394358831278448	1148	5.22625513024655	6.77374486975299
84	WGN39	7.49999999999976	0.394358831278448	1148	6.72625513024654	8.27374486975298
85	WGN39	7.99999999999977	0.394358831278449	1148	7.22625513024655	8.77374486975299
86	WGN39	7.99999999999978	0.39435883127845	1148	7.22625513024655	8.773744869753
87	WGN39	7.49999999999977	0.394358831278449	1148	6.72625513024655	8.27374486975299
88	WGN39	6.99999999999977	0.39435883127845	1148	6.22625513024655	7.77374486975299
89	WGN39	5.99999999999977	0.394358831278449	1148	5.22625513024655	6.77374486975299
90	WGN39	7.49999999999977	0.394358831278448	1148	6.72625513024655	8.27374486975299
91	WGN39	5.99999999999977	0.394358831278448	1148	5.22625513024655	6.77374486975299
92	WGN39	5.99999999999977	0.394358831278448	1148	5.22625513024655	6.77374486975299
93	WGN39	5.99999999999977	0.394358831278449	1148	5.22625513024655	6.77374486975299
94	WGN39	6.99999999999977	0.394358831278448	1148	6.22625513024655	7.77374486975299
95	WGN39	7.99999999999976	0.394358831278447	1148	7.22625513024654	8.77374486975298
96	WGN39	5.99999999999976	0.394358831278449	1148	5.22625513024654	6.77374486975298
97	WGN39	6.49999999999977	0.394358831278448	1148	5.72625513024655	7.27374486975299
98	WGN39	7.99999999999977	0.394358831278448	1148	7.22625513024655	8.77374486975299
99	WGN39	6.49999999999977	0.394358831278449	1148	5.72625513024655	7.27374486975299
100	WGN39	7.49999999999977	0.394358831278448	1148	6.72625513024655	8.27374486975299
101	WGN39	5.99999999999976	0.394358831278449	1148	5.22625513024654	6.77374486975298
102	WGN39	7.99999999999977	0.394358831278449	1148	7.22625513024655	8.77374486975299
104	WGN39	7.49999999999977	0.394358831278448	1148	6.72625513024655	8.27374486975299
105	WGN39	5.99999999999977	0.394358831278449	1148	5.22625513024655	6.77374486975299
106	WGN39	5.99999999999977	0.394358831278448	1148	5.22625513024655	6.77374486975299
107	WGN39	7.99999999999977	0.394358831278449	1148	7.22625513024655	8.773744869753
108	WGN39	6.99999999999977	0.394358831278449	1148	6.22625513024655	7.77374486975299
109	WGN39	7.49999999999977	0.394358831278449	1148	6.72625513024655	8.27374486975299
110	WGN39	5.99999999999977	0.394358831278448	1148	5.22625513024655	6.77374486975299
111	WGN39	5.99999999999977	0.394358831278448	1148	5.22625513024655	6.77374486975299
112	WGN39	7.99999999999977	0.394358831278448	1148	7.22625513024655	8.77374486975299
113	WGN39	6.49999999999977	0.394358831278449	1148	5.72625513024655	7.27374486975299
114	WGN39	5.99999999999977	0.394358831278448	1148	5.22625513024655	6.77374486975299
115	WGN39	7.99999999999976	0.394358831278448	1148	7.22625513024654	8.77374486975298
116	WGN39	5.99999999999977	0.394358831278448	1148	5.22625513024655	6.77374486975299
117	WGN39	6.49999999999977	0.394358831278449	1148	5.72625513024655	7.27374486975299
118	WGN39	7.99999999999977	0.394358831278448	1148	7.22625513024655	8.77374486975299
120	WGN39	7.49999999999977	0.394358831278448	1148	6.72625513024655	8.27374486975299
121	WGN39	5.92645778938185	0.557828940739953	1148	4.83197924125811	7.02093633750559
122	WGN39	5.99999999999977	0.394358831278449	1148	5.22625513024655	6.77374486975299
123	WGN39	6.49999999999977	0.394358831278449	1148	5.72625513024655	7.27374486975299
124	WGN39	5.99999999999977	0.394358831278448	1148	5.22625513024655	6.77374486975299
125	WGN39	7.99999999999977	0.394358831278449	1148	7.22625513024655	8.77374486975299
126	WGN39	5.99999999999977	0.394358831278448	1148	5.22625513024655	6.77374486975299
127	WGN39	5.99999999999977	0.394358831278449	1148	5.22625513024655	6.77374486975299
128	WGN39	6.07354221061769	0.557828940739956	1148	4.97906366249394	7.16802075874144
129	WGN39	5.99999999999977	0.394358831278448	1148	5.22625513024655	6.77374486975299
130	WGN39	7.49999999999977	0.394358831278448	1148	6.72625513024655	8.27374486975299
1	WGN45	8.99999999999975	0.394358831278445	1148	8.22625513024654	9.77374486975296
2	WGN45	8.99999999999975	0.394358831278445	1148	8.22625513024654	9.77374486975297
3	WGN45	7.49999999999974	0.394358831278444	1148	6.72625513024652	8.27374486975295
4	WGN45	8.49999999999967	0.394358831278447	1148	7.72625513024645	9.27374486975289
5	WGN45	8.99999999999979	0.394358831278445	1148	8.22625513024658	9.773744869753
6	WGN45	8.99999999999969	0.394358831278446	1148	8.22625513024648	9.77374486975291
7	WGN45	7.49999999999969	0.394358831278451	1148	6.72625513024647	8.27374486975292
8	WGN45	8.49999999999965	0.39435883127845	1148	7.72625513024642	9.27374486975287
9	WGN45	8.49999999999971	0.394358831278452	1148	7.72625513024648	9.27374486975293
10	WGN45	7.99999999999965	0.394358831278449	1148	7.22625513024642	8.77374486975287
11	WGN45	8.99999999999971	0.394358831278446	1148	8.22625513024649	9.77374486975292
12	WGN45	8.49999999999967	0.394358831278447	1148	7.72625513024646	9.27374486975289
13	WGN45	8.99999999999967	0.394358831278446	1148	8.22625513024646	9.77374486975289
14	WGN45	8.99999999999961	0.394358831278446	1148	8.2262551302464	9.77374486975283
15	WGN45	8.99999999999972	0.394358831278449	1148	8.2262551302465	9.77374486975294
16	WGN45	8.99999999999968	0.394358831278454	1148	8.22625513024644	9.77374486975291
17	WGN45	8.99999999999969	0.394358831278448	1148	8.22625513024647	9.77374486975291
18	WGN45	8.49999999999967	0.394358831278449	1148	7.72625513024645	9.27374486975289
19	WGN45	7.99999999999967	0.394358831278447	1148	7.22625513024645	8.77374486975289
20	WGN45	8.99999999999965	0.394358831278452	1148	8.22625513024642	9.77374486975288
22	WGN45	8.99999999999969	0.394358831278439	1148	8.22625513024648	9.77374486975289
23	WGN45	7.99999999999973	0.394358831278442	1148	7.22625513024652	8.77374486975294
24	WGN45	8.49999999999971	0.394358831278438	1148	7.72625513024651	9.27374486975291
25	WGN45	6.99999999999976	0.394358831278442	1148	6.22625513024655	7.77374486975297
26	WGN45	7.99999999999973	0.394358831278442	1148	7.22625513024652	8.77374486975294
28	WGN45	7.99999999999971	0.394358831278447	1148	7.22625513024649	8.77374486975292
29	WGN45	7.99999999999968	0.394358831278444	1148	7.22625513024647	8.7737448697529
30	WGN45	6.99999999999968	0.394358831278449	1148	6.22625513024646	7.7737448697529
31	WGN45	8.49999999999967	0.394358831278447	1148	7.72625513024646	9.27374486975289
32	WGN45	8.49999999999966	0.394358831278451	1148	7.72625513024644	9.27374486975289
33	WGN45	5.9999999999997	0.394358831278444	1148	5.22625513024649	6.77374486975291
34	WGN45	8.4999999999997	0.394358831278447	1148	7.72625513024648	9.27374486975292
35	WGN45	8.49999999999969	0.394358831278444	1148	7.72625513024648	9.2737448697529
36	WGN45	7.49999999999966	0.394358831278451	1148	6.72625513024644	8.27374486975289
37	WGN45	8.99999999999971	0.394358831278444	1148	8.22625513024649	9.77374486975292
38	WGN45	5.92645778938179	0.557828940739955	1148	4.83197924125804	7.02093633750553
40	WGN45	8.99999999999971	0.394358831278448	1148	8.22625513024649	9.77374486975293
41	WGN45	7.99999999999972	0.394358831278443	1148	7.22625513024651	8.77374486975293
42	WGN45	7.99999999999968	0.394358831278452	1148	7.22625513024645	8.77374486975291
43	WGN45	7.49999999999966	0.39435883127845	1148	6.72625513024644	8.27374486975289
44	WGN45	7.99999999999972	0.394358831278444	1148	7.2262551302465	8.77374486975293
45	WGN45	8.99999999999968	0.394358831278448	1148	8.22625513024646	9.7737448697529
46	WGN45	8.49999999999967	0.394358831278451	1148	7.72625513024644	9.27374486975289
47	WGN45	8.92645778938176	0.557828940739957	1148	7.83197924125801	10.0209363375055
48	WGN45	8.0735422106176	0.55782894073996	1148	6.97906366249384	9.16802075874135
49	WGN45	8.99999999999969	0.394358831278449	1148	8.22625513024647	9.77374486975291
50	WGN45	7.92645778938177	0.557828940739955	1148	6.83197924125802	9.02093633750551
52	WGN45	6.99999999999968	0.394358831278451	1148	6.22625513024645	7.7737448697529
53	WGN45	6.99999999999966	0.394358831278449	1148	6.22625513024644	7.77374486975288
54	WGN45	6.4999999999997	0.394358831278448	1148	5.72625513024648	7.27374486975292
55	WGN45	8.9999999999997	0.394358831278447	1148	8.22625513024649	9.77374486975292
56	WGN45	7.9999999999997	0.394358831278446	1148	7.22625513024648	8.77374486975292
57	WGN45	7.49999999999968	0.394358831278449	1148	6.72625513024646	8.27374486975291
58	WGN45	8.99999999999969	0.39435883127845	1148	8.22625513024647	9.77374486975292
59	WGN45	8.49999999999967	0.394358831278452	1148	7.72625513024645	9.2737448697529
60	WGN45	8.99999999999968	0.394358831278448	1148	8.22625513024646	9.7737448697529
61	WGN45	8.49999999999969	0.394358831278447	1148	7.72625513024647	9.27374486975291
62	WGN45	7.99999999999968	0.39435883127845	1148	7.22625513024646	8.77374486975291
64	WGN45	8.49999999999968	0.394358831278447	1148	7.72625513024646	9.2737448697529
65	WGN45	8.49999999999969	0.394358831278447	1148	7.72625513024647	9.27374486975291
66	WGN45	8.99999999999968	0.394358831278443	1148	8.22625513024647	9.77374486975289
67	WGN45	6.0735422106176	0.557828940739955	1148	4.97906366249385	7.16802075874135
68	WGN45	7.99999999999971	0.394358831278445	1148	7.2262551302465	8.77374486975292
69	WGN45	8.99999999999969	0.394358831278448	1148	8.22625513024647	9.77374486975291
70	WGN45	8.99999999999969	0.394358831278449	1148	8.22625513024647	9.77374486975291
71	WGN45	7.99999999999971	0.394358831278444	1148	7.22625513024649	8.77374486975292
72	WGN45	7.99999999999969	0.394358831278447	1148	7.22625513024647	8.77374486975291
73	WGN45	8.49999999999968	0.394358831278449	1148	7.72625513024646	9.2737448697529
74	WGN45	7.92645778938176	0.557828940739956	1148	6.83197924125802	9.02093633750551
75	WGN45	7.92645778938176	0.557828940739954	1148	6.83197924125802	9.02093633750551
76	WGN45	8.99999999999969	0.394358831278447	1148	8.22625513024647	9.7737448697529
77	WGN45	7.92645778938175	0.557828940739956	1148	6.831979241258	9.0209363375055
78	WGN45	8.99999999999969	0.394358831278447	1148	8.22625513024647	9.7737448697529
80	WGN45	8.99999999999968	0.394358831278447	1148	8.22625513024646	9.7737448697529
81	WGN45	8.49999999999969	0.394358831278448	1148	7.72625513024647	9.27374486975291
82	WGN45	7.07354221061762	0.557828940739954	1148	5.97906366249388	8.16802075874136
84	WGN45	8.49999999999969	0.394358831278446	1148	7.72625513024648	9.27374486975291
85	WGN45	8.49999999999968	0.394358831278448	1148	7.72625513024646	9.2737448697529
86	WGN45	8.99999999999969	0.394358831278447	1148	8.22625513024647	9.77374486975291
87	WGN45	6.49999999999971	0.394358831278446	1148	5.72625513024649	7.27374486975292
88	WGN45	8.99999999999969	0.394358831278444	1148	8.22625513024648	9.7737448697529
89	WGN45	7.99999999999969	0.394358831278448	1148	7.22625513024647	8.77374486975291
90	WGN45	7.99999999999969	0.394358831278447	1148	7.22625513024647	8.7737448697529
92	WGN45	7.99999999999968	0.394358831278448	1148	7.22625513024646	8.7737448697529
93	WGN45	8.49999999999968	0.394358831278447	1148	7.72625513024646	9.2737448697529
94	WGN45	8.99999999999969	0.394358831278446	1148	8.22625513024647	9.7737448697529
95	WGN45	7.99999999999969	0.394358831278447	1148	7.22625513024647	8.77374486975291
96	WGN45	5.99999999999973	0.394358831278446	1148	5.22625513024652	6.77374486975295
98	WGN45	8.49999999999968	0.394358831278448	1148	7.72625513024646	9.2737448697529
99	WGN45	8.49999999999968	0.394358831278449	1148	7.72625513024646	9.27374486975291
100	WGN45	7.99999999999969	0.394358831278447	1148	7.22625513024648	8.77374486975291
101	WGN45	8.99999999999969	0.394358831278448	1148	8.22625513024647	9.77374486975291
102	WGN45	8.99999999999968	0.394358831278447	1148	8.22625513024646	9.7737448697529
103	WGN45	8.99999999999968	0.394358831278448	1148	8.22625513024646	9.7737448697529
104	WGN45	8.99999999999969	0.394358831278449	1148	8.22625513024647	9.77374486975291
105	WGN45	7.4999999999997	0.394358831278446	1148	6.72625513024648	8.27374486975291
106	WGN45	6.99999999999969	0.394358831278448	1148	6.22625513024647	7.77374486975291
107	WGN45	7.99999999999969	0.394358831278448	1148	7.22625513024647	8.77374486975291
108	WGN45	7.99999999999969	0.394358831278448	1148	7.22625513024647	8.77374486975291
109	WGN45	8.99999999999968	0.394358831278448	1148	8.22625513024646	9.7737448697529
110	WGN45	8.99999999999968	0.394358831278448	1148	8.22625513024646	9.7737448697529
111	WGN45	7.99999999999968	0.394358831278448	1148	7.22625513024646	8.7737448697529
112	WGN45	5.92645778938174	0.557828940739955	1148	4.83197924125799	7.02093633750549
114	WGN45	7.99999999999968	0.394358831278448	1148	7.22625513024646	8.7737448697529
115	WGN45	6.99999999999969	0.394358831278448	1148	6.22625513024647	7.77374486975291
116	WGN45	7.99999999999968	0.394358831278448	1148	7.22625513024646	8.7737448697529
117	WGN45	8.49999999999968	0.394358831278448	1148	7.72625513024646	9.2737448697529
118	WGN45	7.99999999999968	0.394358831278448	1148	7.22625513024646	8.7737448697529
119	WGN45	8.49999999999968	0.394358831278448	1148	7.72625513024646	9.2737448697529
120	WGN45	8.99999999999968	0.394358831278448	1148	8.22625513024646	9.7737448697529
121	WGN45	7.99999999999968	0.394358831278448	1148	7.22625513024646	8.7737448697529
122	WGN45	8.0735422106176	0.557828940739955	1148	6.97906366249386	9.16802075874135
123	WGN45	7.92645778938176	0.557828940739954	1148	6.83197924125801	9.0209363375055
124	WGN45	8.49999999999968	0.394358831278448	1148	7.72625513024646	9.2737448697529
126	WGN45	8.99999999999968	0.394358831278448	1148	8.22625513024646	9.7737448697529
127	WGN45	7.99999999999968	0.394358831278448	1148	7.22625513024646	8.7737448697529
128	WGN45	7.99999999999968	0.394358831278448	1148	7.22625513024646	8.7737448697529
129	WGN45	8.49999999999968	0.394358831278448	1148	7.72625513024646	9.2737448697529
1	WGN46	7.99999999999977	0.394358831278444	1148	7.22625513024656	8.77374486975298
2	WGN46	7.99999999999976	0.394358831278453	1148	7.22625513024653	8.77374486975299
3	WGN46	7.99999999999975	0.394358831278447	1148	7.22625513024654	8.77374486975297
4	WGN46	7.99999999999977	0.394358831278449	1148	7.22625513024655	8.773744869753
6	WGN46	5.9999999999997	0.394358831278456	1148	5.22625513024646	6.77374486975294
7	WGN46	7.99999999999977	0.394358831278457	1148	7.22625513024653	8.77374486975301
8	WGN46	8.49999999999976	0.394358831278441	1148	7.72625513024656	9.27374486975297
9	WGN46	8.99999999999977	0.394358831278449	1148	8.22625513024655	9.77374486975299
10	WGN46	7.99999999999975	0.394358831278452	1148	7.22625513024652	8.77374486975297
11	WGN46	7.99999999999981	0.394358831278443	1148	7.2262551302466	8.77374486975302
12	WGN46	5.99999999999979	0.394358831278451	1148	5.22625513024657	6.77374486975302
13	WGN46	7.99999999999976	0.394358831278449	1148	7.22625513024653	8.77374486975298
14	WGN46	5.99999999999972	0.394358831278449	1148	5.22625513024649	6.77374486975294
15	WGN46	7.99999999999983	0.394358831278448	1148	7.22625513024661	8.77374486975305
16	WGN46	8.49999999999981	0.394358831278448	1148	7.72625513024659	9.27374486975303
17	WGN46	7.49999999999979	0.39435883127845	1148	6.72625513024657	8.27374486975302
18	WGN46	8.99999999999977	0.394358831278446	1148	8.22625513024655	9.77374486975299
19	WGN46	7.99999999999979	0.394358831278451	1148	7.22625513024657	8.77374486975302
20	WGN46	7.99999999999978	0.394358831278448	1148	7.22625513024656	8.773744869753
21	WGN46	9.07354221061774	0.557828940739956	1148	7.97906366249399	10.1680207587415
22	WGN46	7.9999999999998	0.394358831278449	1148	7.22625513024658	8.77374486975302
23	WGN46	7.92645778938186	0.557828940739947	1148	6.83197924125813	9.02093633750559
24	WGN46	7.99999999999981	0.394358831278447	1148	7.2262551302466	8.77374486975303
25	WGN46	7.49999999999978	0.394358831278445	1148	6.72625513024657	8.27374486975299
26	WGN46	8.99999999999979	0.394358831278446	1148	8.22625513024657	9.773744869753
27	WGN46	7.99999999999978	0.394358831278448	1148	7.22625513024656	8.77374486975299
28	WGN46	8.99999999999975	0.394358831278443	1148	8.22625513024654	9.77374486975295
29	WGN46	7.99999999999981	0.394358831278449	1148	7.22625513024659	8.77374486975303
30	WGN46	7.49999999999978	0.394358831278455	1148	6.72625513024655	8.27374486975301
31	WGN46	7.99999999999978	0.394358831278447	1148	7.22625513024656	8.773744869753
32	WGN46	8.99999999999981	0.394358831278451	1148	8.22625513024658	9.77374486975303
33	WGN46	8.99999999999981	0.394358831278453	1148	8.22625513024658	9.77374486975304
34	WGN46	8.49999999999981	0.39435883127845	1148	7.72625513024658	9.27374486975303
36	WGN46	6.99999999999976	0.394358831278451	1148	6.22625513024653	7.77374486975298
37	WGN46	8.49999999999979	0.394358831278449	1148	7.72625513024657	9.27374486975301
38	WGN46	7.99999999999979	0.394358831278446	1148	7.22625513024657	8.773744869753
39	WGN46	6.99999999999982	0.394358831278444	1148	6.22625513024661	7.77374486975303
40	WGN46	8.49999999999978	0.394358831278451	1148	7.72625513024655	9.273744869753
41	WGN46	7.49999999999976	0.394358831278448	1148	6.72625513024654	8.27374486975298
42	WGN46	8.49999999999977	0.394358831278446	1148	7.72625513024656	9.27374486975299
43	WGN46	8.99999999999977	0.394358831278446	1148	8.22625513024656	9.77374486975299
44	WGN46	8.99999999999979	0.394358831278447	1148	8.22625513024657	9.773744869753
45	WGN46	7.99999999999979	0.394358831278451	1148	7.22625513024656	8.77374486975301
46	WGN46	8.49999999999978	0.394358831278448	1148	7.72625513024656	9.273744869753
47	WGN46	7.99999999999981	0.39435883127845	1148	7.22625513024658	8.77374486975303
48	WGN46	7.99999999999979	0.39435883127845	1148	7.22625513024656	8.77374486975301
49	WGN46	8.49999999999977	0.394358831278448	1148	7.72625513024655	9.27374486975299
50	WGN46	7.49999999999979	0.394358831278449	1148	6.72625513024656	8.27374486975301
51	WGN46	7.92645778938187	0.557828940739953	1148	6.83197924125813	9.02093633750561
52	WGN46	7.99999999999978	0.394358831278446	1148	7.22625513024656	8.77374486975299
53	WGN46	6.4999999999998	0.394358831278446	1148	5.72625513024659	7.27374486975302
54	WGN46	7.49999999999978	0.394358831278448	1148	6.72625513024656	8.273744869753
55	WGN46	8.49999999999979	0.394358831278447	1148	7.72625513024657	9.273744869753
56	WGN46	8.99999999999978	0.394358831278446	1148	8.22625513024656	9.77374486975299
57	WGN46	7.49999999999979	0.394358831278449	1148	6.72625513024657	8.27374486975301
58	WGN46	7.99999999999979	0.394358831278446	1148	7.22625513024657	8.773744869753
59	WGN46	7.99999999999979	0.39435883127845	1148	7.22625513024657	8.77374486975302
60	WGN46	7.49999999999979	0.394358831278448	1148	6.72625513024657	8.27374486975301
61	WGN46	8.99999999999979	0.394358831278448	1148	8.22625513024657	9.77374486975301
62	WGN46	7.99999999999979	0.394358831278448	1148	7.22625513024657	8.77374486975301
63	WGN46	7.99999999999979	0.394358831278447	1148	7.22625513024657	8.773744869753
64	WGN46	7.99999999999979	0.394358831278446	1148	7.22625513024657	8.773744869753
65	WGN46	7.92645778938188	0.557828940739953	1148	6.83197924125814	9.02093633750562
66	WGN46	7.99999999999979	0.394358831278449	1148	7.22625513024656	8.77374486975301
67	WGN46	7.99999999999979	0.394358831278449	1148	7.22625513024657	8.77374486975301
68	WGN46	8.99999999999978	0.394358831278447	1148	8.22625513024656	9.773744869753
69	WGN46	7.4999999999998	0.394358831278447	1148	6.72625513024658	8.27374486975301
70	WGN46	7.49999999999979	0.394358831278446	1148	6.72625513024657	8.273744869753
71	WGN46	7.99999999999979	0.394358831278447	1148	7.22625513024657	8.77374486975301
72	WGN46	7.99999999999978	0.394358831278444	1148	7.22625513024657	8.77374486975299
73	WGN46	7.99999999999979	0.394358831278449	1148	7.22625513024656	8.77374486975301
74	WGN46	7.99999999999979	0.394358831278449	1148	7.22625513024657	8.77374486975301
75	WGN46	8.99999999999979	0.394358831278449	1148	8.22625513024657	9.77374486975301
76	WGN46	7.99999999999978	0.394358831278448	1148	7.22625513024656	8.773744869753
78	WGN46	7.99999999999979	0.394358831278447	1148	7.22625513024657	8.77374486975301
79	WGN46	7.99999999999979	0.394358831278447	1148	7.22625513024657	8.773744869753
80	WGN46	8.49999999999979	0.394358831278449	1148	7.72625513024657	9.27374486975301
81	WGN46	8.99999999999979	0.394358831278449	1148	8.22625513024657	9.77374486975301
82	WGN46	7.49999999999978	0.394358831278448	1148	6.72625513024656	8.273744869753
83	WGN46	7.4999999999998	0.394358831278447	1148	6.72625513024658	8.27374486975302
84	WGN46	7.49999999999978	0.394358831278449	1148	6.72625513024656	8.273744869753
85	WGN46	7.99999999999978	0.394358831278447	1148	7.22625513024657	8.773744869753
86	WGN46	7.49999999999979	0.394358831278448	1148	6.72625513024657	8.273744869753
87	WGN46	8.49999999999979	0.394358831278449	1148	7.72625513024656	9.27374486975301
88	WGN46	7.99999999999979	0.394358831278449	1148	7.22625513024657	8.77374486975301
89	WGN46	5.99999999999978	0.394358831278449	1148	5.22625513024656	6.773744869753
90	WGN46	7.99999999999979	0.394358831278448	1148	7.22625513024657	8.773744869753
91	WGN46	9.0735422106177	0.557828940739953	1148	7.97906366249396	10.1680207587414
93	WGN46	8.49999999999979	0.394358831278448	1148	7.72625513024657	9.27374486975301
94	WGN46	8.49999999999978	0.394358831278447	1148	7.72625513024656	9.273744869753
95	WGN46	8.99999999999979	0.394358831278449	1148	8.22625513024657	9.77374486975301
96	WGN46	8.99999999999978	0.394358831278448	1148	8.22625513024656	9.773744869753
98	WGN46	7.99999999999978	0.394358831278448	1148	7.22625513024657	8.773744869753
100	WGN46	7.99999999999978	0.394358831278447	1148	7.22625513024656	8.773744869753
101	WGN46	7.99999999999978	0.394358831278448	1148	7.22625513024656	8.773744869753
102	WGN46	8.99999999999978	0.394358831278448	1148	8.22625513024656	9.773744869753
103	WGN46	8.99999999999979	0.394358831278448	1148	8.22625513024656	9.77374486975301
104	WGN46	7.99999999999979	0.394358831278448	1148	7.22625513024657	8.77374486975301
106	WGN46	8.99999999999979	0.394358831278449	1148	8.22625513024657	9.77374486975301
107	WGN46	8.99999999999979	0.394358831278448	1148	8.22625513024657	9.773744869753
108	WGN46	7.99999999999979	0.394358831278449	1148	7.22625513024656	8.77374486975301
109	WGN46	7.99999999999979	0.394358831278448	1148	7.22625513024656	8.77374486975301
110	WGN46	7.99999999999979	0.394358831278449	1148	7.22625513024657	8.77374486975301
111	WGN46	7.99999999999979	0.394358831278449	1148	7.22625513024656	8.77374486975301
112	WGN46	7.99999999999979	0.394358831278449	1148	7.22625513024656	8.77374486975301
113	WGN46	8.49999999999979	0.394358831278449	1148	7.72625513024657	9.27374486975301
114	WGN46	7.99999999999979	0.394358831278449	1148	7.22625513024656	8.77374486975301
115	WGN46	7.99999999999979	0.394358831278448	1148	7.22625513024657	8.77374486975301
116	WGN46	8.99999999999979	0.394358831278449	1148	8.22625513024657	9.77374486975301
117	WGN46	7.99999999999979	0.394358831278449	1148	7.22625513024657	8.77374486975301
118	WGN46	8.49999999999979	0.394358831278449	1148	7.72625513024656	9.27374486975301
119	WGN46	7.99999999999979	0.394358831278449	1148	7.22625513024656	8.77374486975301
120	WGN46	7.99999999999979	0.394358831278449	1148	7.22625513024656	8.77374486975301
121	WGN46	7.99999999999979	0.394358831278448	1148	7.22625513024657	8.77374486975301
122	WGN46	7.99999999999979	0.394358831278449	1148	7.22625513024657	8.77374486975301
123	WGN46	8.99999999999979	0.394358831278449	1148	8.22625513024656	9.77374486975301
124	WGN46	7.99999999999979	0.394358831278449	1148	7.22625513024656	8.77374486975301
125	WGN46	8.49999999999979	0.394358831278449	1148	7.72625513024657	9.27374486975301
126	WGN46	7.99999999999979	0.394358831278449	1148	7.22625513024657	8.77374486975301
127	WGN46	7.99999999999979	0.394358831278449	1148	7.22625513024657	8.77374486975301
128	WGN46	8.99999999999979	0.394358831278449	1148	8.22625513024657	9.77374486975301
129	WGN46	8.99999999999979	0.394358831278449	1148	8.22625513024657	9.77374486975301
130	WGN46	7.49999999999979	0.394358831278449	1148	6.72625513024656	8.27374486975301
1	WGN55	7.99999999999975	0.394358831278445	1148	7.22625513024654	8.77374486975297
2	WGN55	8.99999999999976	0.394358831278445	1148	8.22625513024655	9.77374486975298
3	WGN55	7.49999999999981	0.39435883127845	1148	6.72625513024658	8.27374486975303
4	WGN55	7.49999999999977	0.394358831278447	1148	6.72625513024655	8.27374486975299
5	WGN55	7.49999999999977	0.394358831278446	1148	6.72625513024655	8.27374486975298
6	WGN55	8.49999999999972	0.394358831278445	1148	7.7262551302465	9.27374486975293
7	WGN55	7.99999999999974	0.394358831278445	1148	7.22625513024653	8.77374486975295
8	WGN55	8.49999999999977	0.394358831278452	1148	7.72625513024654	9.27374486975299
9	WGN55	7.99999999999971	0.394358831278446	1148	7.22625513024649	8.77374486975292
10	WGN55	8.49999999999975	0.394358831278445	1148	7.72625513024654	9.27374486975297
11	WGN55	7.99999999999978	0.394358831278446	1148	7.22625513024656	8.77374486975299
12	WGN55	7.92645778938177	0.55782894073996	1148	6.83197924125801	9.02093633750552
13	WGN55	7.99999999999977	0.394358831278442	1148	7.22625513024656	8.77374486975298
14	WGN55	7.99999999999977	0.394358831278449	1148	7.22625513024655	8.77374486975299
15	WGN55	7.99999999999977	0.394358831278449	1148	7.22625513024654	8.77374486975299
16	WGN55	8.99999999999972	0.394358831278447	1148	8.22625513024651	9.77374486975294
17	WGN55	8.92645778938182	0.557828940739954	1148	7.83197924125808	10.0209363375056
18	WGN55	8.99999999999975	0.394358831278449	1148	8.22625513024653	9.77374486975297
19	WGN55	8.99999999999976	0.394358831278449	1148	8.22625513024654	9.77374486975298
20	WGN55	8.49999999999976	0.394358831278452	1148	7.72625513024654	9.27374486975299
21	WGN55	8.49999999999974	0.394358831278447	1148	7.72625513024652	9.27374486975296
22	WGN55	7.99999999999975	0.394358831278453	1148	7.22625513024652	8.77374486975298
23	WGN55	7.99999999999974	0.394358831278446	1148	7.22625513024652	8.77374486975295
24	WGN55	8.49999999999975	0.39435883127845	1148	7.72625513024653	9.27374486975297
25	WGN55	8.99999999999975	0.394358831278449	1148	8.22625513024653	9.77374486975298
26	WGN55	7.99999999999975	0.394358831278444	1148	7.22625513024654	8.77374486975296
27	WGN55	7.99999999999975	0.394358831278448	1148	7.22625513024653	8.77374486975296
28	WGN55	8.92645778938185	0.557828940739958	1148	7.8319792412581	10.0209363375056
29	WGN55	8.99999999999978	0.394358831278448	1148	8.22625513024656	9.773744869753
30	WGN55	6.99999999999977	0.394358831278448	1148	6.22625513024655	7.77374486975299
31	WGN55	7.99999999999975	0.394358831278446	1148	7.22625513024653	8.77374486975296
32	WGN55	8.49999999999975	0.394358831278449	1148	7.72625513024652	9.27374486975297
33	WGN55	8.49999999999974	0.394358831278451	1148	7.72625513024652	9.27374486975297
34	WGN55	6.99999999999974	0.394358831278447	1148	6.22625513024652	7.77374486975295
35	WGN55	8.49999999999977	0.394358831278452	1148	7.72625513024655	9.273744869753
36	WGN55	8.49999999999976	0.394358831278449	1148	7.72625513024653	9.27374486975298
37	WGN55	8.49999999999974	0.394358831278444	1148	7.72625513024653	9.27374486975295
38	WGN55	6.9999999999998	0.394358831278444	1148	6.22625513024659	7.77374486975301
40	WGN55	7.99999999999977	0.394358831278445	1148	7.22625513024655	8.77374486975298
41	WGN55	8.49999999999977	0.394358831278448	1148	7.72625513024655	9.27374486975298
42	WGN55	8.49999999999976	0.39435883127845	1148	7.72625513024653	9.27374486975298
43	WGN55	8.99999999999977	0.394358831278449	1148	8.22625513024655	9.77374486975299
44	WGN55	8.49999999999975	0.394358831278449	1148	7.72625513024653	9.27374486975297
45	WGN55	7.99999999999976	0.394358831278448	1148	7.22625513024654	8.77374486975298
46	WGN55	5.99999999999974	0.394358831278447	1148	5.22625513024652	6.77374486975296
47	WGN55	7.99999999999975	0.394358831278448	1148	7.22625513024653	8.77374486975297
48	WGN55	6.49999999999976	0.394358831278447	1148	5.72625513024654	7.27374486975298
49	WGN55	6.99999999999976	0.394358831278447	1148	6.22625513024655	7.77374486975298
50	WGN55	7.99999999999976	0.394358831278449	1148	7.22625513024654	8.77374486975298
52	WGN55	7.99999999999975	0.394358831278448	1148	7.22625513024653	8.77374486975297
53	WGN55	7.99999999999975	0.394358831278448	1148	7.22625513024653	8.77374486975297
54	WGN55	7.49999999999975	0.394358831278448	1148	6.72625513024653	8.27374486975297
55	WGN55	8.49999999999975	0.39435883127845	1148	7.72625513024652	9.27374486975297
56	WGN55	7.99999999999976	0.394358831278448	1148	7.22625513024654	8.77374486975298
57	WGN55	8.99999999999975	0.394358831278449	1148	8.22625513024653	9.77374486975297
58	WGN55	8.99999999999975	0.39435883127845	1148	8.22625513024653	9.77374486975297
59	WGN55	7.99999999999975	0.394358831278446	1148	7.22625513024653	8.77374486975296
60	WGN55	6.49999999999976	0.394358831278449	1148	5.72625513024654	7.27374486975298
61	WGN55	8.49999999999977	0.394358831278451	1148	7.72625513024655	9.273744869753
62	WGN55	7.49999999999975	0.394358831278446	1148	6.72625513024654	8.27374486975297
63	WGN55	6.49999999999976	0.39435883127845	1148	5.72625513024654	7.27374486975298
64	WGN55	6.99999999999976	0.394358831278445	1148	6.22625513024654	7.77374486975297
65	WGN55	7.99999999999975	0.394358831278446	1148	7.22625513024653	8.77374486975296
66	WGN55	7.99999999999974	0.394358831278447	1148	7.22625513024652	8.77374486975296
67	WGN55	7.99999999999975	0.394358831278448	1148	7.22625513024653	8.77374486975297
68	WGN55	5.99999999999978	0.394358831278446	1148	5.22625513024656	6.77374486975299
69	WGN55	7.99999999999976	0.394358831278448	1148	7.22625513024654	8.77374486975298
70	WGN55	7.49999999999975	0.394358831278448	1148	6.72625513024653	8.27374486975297
71	WGN55	7.99999999999975	0.394358831278449	1148	7.22625513024653	8.77374486975297
72	WGN55	7.99999999999974	0.394358831278448	1148	7.22625513024652	8.77374486975296
73	WGN55	8.49999999999975	0.394358831278446	1148	7.72625513024653	9.27374486975297
74	WGN55	8.49999999999976	0.394358831278448	1148	7.72625513024654	9.27374486975298
75	WGN55	8.49999999999975	0.394358831278448	1148	7.72625513024653	9.27374486975297
76	WGN55	8.49999999999974	0.394358831278447	1148	7.72625513024652	9.27374486975296
77	WGN55	7.99999999999975	0.394358831278447	1148	7.22625513024654	8.77374486975297
78	WGN55	7.99999999999975	0.394358831278447	1148	7.22625513024653	8.77374486975297
80	WGN55	7.99999999999975	0.394358831278449	1148	7.22625513024653	8.77374486975298
81	WGN55	6.99999999999975	0.39435883127845	1148	6.22625513024652	7.77374486975297
82	WGN55	7.99999999999974	0.394358831278451	1148	7.22625513024652	8.77374486975296
83	WGN55	8.99999999999975	0.394358831278448	1148	8.22625513024654	9.77374486975297
84	WGN55	8.49999999999976	0.394358831278448	1148	7.72625513024654	9.27374486975298
85	WGN55	8.49999999999976	0.39435883127845	1148	7.72625513024653	9.27374486975298
86	WGN55	8.99999999999975	0.394358831278448	1148	8.22625513024653	9.77374486975297
87	WGN55	7.99999999999976	0.394358831278446	1148	7.22625513024654	8.77374486975297
88	WGN55	6.49999999999973	0.394358831278451	1148	5.72625513024651	7.27374486975296
89	WGN55	8.99999999999975	0.394358831278448	1148	8.22625513024653	9.77374486975297
90	WGN55	7.99999999999975	0.394358831278448	1148	7.22625513024653	8.77374486975297
91	WGN55	7.99999999999975	0.394358831278449	1148	7.22625513024653	8.77374486975297
92	WGN55	7.99999999999975	0.39435883127845	1148	7.22625513024653	8.77374486975297
93	WGN55	6.49999999999974	0.394358831278449	1148	5.72625513024652	7.27374486975297
94	WGN55	7.49999999999976	0.394358831278447	1148	6.72625513024654	8.27374486975297
95	WGN55	7.99999999999975	0.394358831278448	1148	7.22625513024653	8.77374486975297
96	WGN55	8.49999999999975	0.394358831278449	1148	7.72625513024653	9.27374486975297
97	WGN55	7.49999999999975	0.394358831278447	1148	6.72625513024653	8.27374486975297
98	WGN55	6.99999999999975	0.394358831278448	1148	6.22625513024652	7.77374486975297
99	WGN55	7.99999999999975	0.394358831278448	1148	7.22625513024653	8.77374486975297
100	WGN55	8.99999999999976	0.394358831278448	1148	8.22625513024654	9.77374486975298
101	WGN55	8.49999999999975	0.394358831278449	1148	7.72625513024653	9.27374486975297
102	WGN55	6.49999999999975	0.394358831278449	1148	5.72625513024652	7.27374486975297
103	WGN55	7.99999999999975	0.394358831278448	1148	7.22625513024653	8.77374486975297
104	WGN55	8.99999999999975	0.394358831278449	1148	8.22625513024653	9.77374486975298
105	WGN55	7.99999999999975	0.394358831278448	1148	7.22625513024653	8.77374486975297
106	WGN55	5.99999999999976	0.394358831278448	1148	5.22625513024654	6.77374486975298
107	WGN55	7.99999999999975	0.394358831278447	1148	7.22625513024653	8.77374486975297
108	WGN55	7.99999999999975	0.394358831278449	1148	7.22625513024653	8.77374486975297
109	WGN55	6.49999999999975	0.394358831278448	1148	5.72625513024653	7.27374486975298
110	WGN55	8.99999999999975	0.394358831278448	1148	8.22625513024653	9.77374486975297
111	WGN55	8.49999999999975	0.394358831278447	1148	7.72625513024653	9.27374486975297
112	WGN55	8.49999999999975	0.394358831278448	1148	7.72625513024653	9.27374486975297
113	WGN55	7.49999999999975	0.394358831278449	1148	6.72625513024653	8.27374486975297
114	WGN55	7.49999999999975	0.394358831278448	1148	6.72625513024653	8.27374486975297
115	WGN55	6.99999999999975	0.394358831278449	1148	6.22625513024653	7.77374486975297
116	WGN55	7.07354221061767	0.557828940739955	1148	5.97906366249393	8.16802075874142
117	WGN55	7.49999999999976	0.394358831278448	1148	6.72625513024654	8.27374486975298
118	WGN55	8.49999999999975	0.394358831278449	1148	7.72625513024653	9.27374486975297
119	WGN55	8.99999999999975	0.394358831278449	1148	8.22625513024653	9.77374486975297
120	WGN55	8.49999999999975	0.394358831278448	1148	7.72625513024653	9.27374486975297
121	WGN55	8.49999999999975	0.394358831278448	1148	7.72625513024653	9.27374486975297
122	WGN55	7.99999999999975	0.394358831278448	1148	7.22625513024653	8.77374486975297
123	WGN55	7.99999999999975	0.394358831278448	1148	7.22625513024653	8.77374486975297
124	WGN55	8.99999999999975	0.394358831278448	1148	8.22625513024653	9.77374486975297
125	WGN55	7.99999999999975	0.394358831278448	1148	7.22625513024653	8.77374486975297
126	WGN55	8.49999999999975	0.394358831278448	1148	7.72625513024653	9.27374486975297
128	WGN55	7.99999999999975	0.394358831278448	1148	7.22625513024653	8.77374486975297
129	WGN55	7.99999999999975	0.394358831278448	1148	7.22625513024653	8.77374486975297
130	WGN55	8.99999999999975	0.394358831278448	1148	8.22625513024653	9.77374486975297
1	WGN63	6.9999999999998	0.394358831278445	1148	6.22625513024659	7.77374486975302
2	WGN63	7.99999999999977	0.394358831278452	1148	7.22625513024654	8.773744869753
3	WGN63	7.49999999999976	0.394358831278446	1148	6.72625513024654	8.27374486975297
4	WGN63	7.49999999999978	0.394358831278452	1148	6.72625513024655	8.273744869753
5	WGN63	6.99999999999972	0.394358831278448	1148	6.2262551302465	7.77374486975294
6	WGN63	7.92645778938182	0.557828940739956	1148	6.83197924125807	9.02093633750557
7	WGN63	5.49999999999977	0.394358831278447	1148	4.72625513024655	6.27374486975298
8	WGN63	5.99999999999978	0.394358831278451	1148	5.22625513024655	6.773744869753
9	WGN63	7.49999999999977	0.394358831278448	1148	6.72625513024655	8.27374486975299
10	WGN63	6.99999999999978	0.39435883127845	1148	6.22625513024655	7.773744869753
12	WGN63	5.99999999999977	0.394358831278446	1148	5.22625513024655	6.77374486975298
13	WGN63	5.99999999999974	0.394358831278449	1148	5.22625513024652	6.77374486975296
14	WGN63	6.49999999999976	0.394358831278451	1148	5.72625513024653	7.27374486975298
16	WGN63	5.99999999999971	0.394358831278452	1148	5.22625513024648	6.77374486975293
17	WGN63	6.99999999999974	0.39435883127845	1148	6.22625513024652	7.77374486975297
18	WGN63	6.99999999999975	0.394358831278446	1148	6.22625513024654	7.77374486975297
19	WGN63	5.99999999999981	0.394358831278447	1148	5.22625513024659	6.77374486975303
20	WGN63	7.49999999999975	0.394358831278448	1148	6.72625513024653	8.27374486975297
21	WGN63	5.99999999999974	0.394358831278452	1148	5.22625513024652	6.77374486975297
22	WGN63	6.49999999999976	0.394358831278449	1148	5.72625513024654	7.27374486975298
23	WGN63	7.49999999999972	0.394358831278446	1148	6.7262551302465	8.27374486975294
24	WGN63	6.99999999999974	0.394358831278449	1148	6.22625513024652	7.77374486975296
25	WGN63	6.49999999999975	0.394358831278448	1148	5.72625513024653	7.27374486975297
26	WGN63	5.99999999999976	0.394358831278448	1148	5.22625513024654	6.77374486975298
27	WGN63	5.99999999999973	0.394358831278449	1148	5.2262551302465	6.77374486975295
28	WGN63	5.99999999999973	0.39435883127845	1148	5.2262551302465	6.77374486975295
29	WGN63	7.49999999999975	0.394358831278449	1148	6.72625513024653	8.27374486975297
30	WGN63	7.99999999999977	0.394358831278448	1148	7.22625513024655	8.77374486975299
31	WGN63	5.99999999999974	0.39435883127845	1148	5.22625513024651	6.77374486975296
32	WGN63	6.49999999999977	0.394358831278448	1148	5.72625513024655	7.27374486975299
33	WGN63	5.99999999999975	0.394358831278447	1148	5.22625513024653	6.77374486975297
34	WGN63	5.99999999999976	0.394358831278448	1148	5.22625513024654	6.77374486975298
35	WGN63	6.99999999999977	0.394358831278445	1148	6.22625513024655	7.77374486975298
36	WGN63	7.49999999999975	0.394358831278448	1148	6.72625513024653	8.27374486975297
37	WGN63	6.49999999999976	0.394358831278447	1148	5.72625513024655	7.27374486975298
38	WGN63	5.99999999999977	0.394358831278447	1148	5.22625513024655	6.77374486975299
39	WGN63	7.99999999999975	0.394358831278447	1148	7.22625513024653	8.77374486975296
40	WGN63	5.99999999999976	0.394358831278447	1148	5.22625513024654	6.77374486975298
41	WGN63	7.92645778938182	0.557828940739957	1148	6.83197924125807	9.02093633750557
42	WGN63	5.99999999999976	0.394358831278447	1148	5.22625513024655	6.77374486975298
43	WGN63	5.99999999999977	0.394358831278448	1148	5.22625513024655	6.77374486975299
44	WGN63	6.99999999999975	0.394358831278449	1148	6.22625513024653	7.77374486975297
45	WGN63	6.49999999999977	0.394358831278448	1148	5.72625513024655	7.27374486975299
46	WGN63	6.49999999999972	0.39435883127845	1148	5.72625513024649	7.27374486975294
47	WGN63	5.99999999999975	0.39435883127845	1148	5.22625513024653	6.77374486975297
48	WGN63	7.99999999999974	0.394358831278448	1148	7.22625513024652	8.77374486975296
49	WGN63	5.99999999999976	0.394358831278448	1148	5.22625513024654	6.77374486975298
50	WGN63	5.99999999999972	0.394358831278449	1148	5.2262551302465	6.77374486975294
51	WGN63	7.49999999999975	0.394358831278449	1148	6.72625513024653	8.27374486975297
52	WGN63	5.99999999999975	0.394358831278449	1148	5.22625513024653	6.77374486975297
53	WGN63	6.99999999999976	0.394358831278449	1148	6.22625513024654	7.77374486975298
54	WGN63	5.99999999999976	0.394358831278449	1148	5.22625513024654	6.77374486975298
55	WGN63	6.49999999999976	0.394358831278446	1148	5.72625513024655	7.27374486975298
56	WGN63	5.99999999999976	0.394358831278447	1148	5.22625513024654	6.77374486975298
57	WGN63	6.99999999999974	0.394358831278448	1148	6.22625513024652	7.77374486975296
58	WGN63	8.49999999999977	0.394358831278447	1148	7.72625513024655	9.27374486975298
59	WGN63	6.49999999999975	0.394358831278448	1148	5.72625513024653	7.27374486975297
60	WGN63	7.49999999999976	0.39435883127845	1148	6.72625513024653	8.27374486975298
61	WGN63	6.99999999999975	0.394358831278447	1148	6.22625513024653	7.77374486975297
62	WGN63	6.49999999999977	0.394358831278445	1148	5.72625513024655	7.27374486975298
63	WGN63	5.99999999999975	0.394358831278448	1148	5.22625513024653	6.77374486975297
64	WGN63	5.99999999999977	0.394358831278446	1148	5.22625513024655	6.77374486975298
65	WGN63	7.99999999999976	0.394358831278448	1148	7.22625513024654	8.77374486975298
66	WGN63	7.99999999999975	0.394358831278448	1148	7.22625513024653	8.77374486975297
67	WGN63	5.99999999999977	0.394358831278448	1148	5.22625513024655	6.77374486975299
68	WGN63	6.49999999999976	0.394358831278446	1148	5.72625513024654	7.27374486975297
69	WGN63	7.99999999999974	0.394358831278447	1148	7.22625513024652	8.77374486975296
70	WGN63	6.99999999999975	0.394358831278447	1148	6.22625513024653	7.77374486975297
72	WGN63	5.99999999999975	0.394358831278447	1148	5.22625513024653	6.77374486975296
73	WGN63	7.99999999999976	0.394358831278449	1148	7.22625513024654	8.77374486975298
74	WGN63	5.99999999999975	0.394358831278449	1148	5.22625513024653	6.77374486975297
75	WGN63	8.99999999999977	0.394358831278449	1148	8.22625513024655	9.77374486975299
76	WGN63	5.99999999999976	0.394358831278448	1148	5.22625513024655	6.77374486975298
77	WGN63	5.99999999999974	0.394358831278448	1148	5.22625513024652	6.77374486975296
78	WGN63	5.99999999999975	0.394358831278448	1148	5.22625513024653	6.77374486975297
79	WGN63	5.99999999999975	0.394358831278449	1148	5.22625513024653	6.77374486975297
80	WGN63	6.99999999999975	0.394358831278448	1148	6.22625513024653	7.77374486975297
81	WGN63	5.99999999999974	0.394358831278448	1148	5.22625513024652	6.77374486975296
82	WGN63	6.49999999999974	0.394358831278448	1148	5.72625513024652	7.27374486975296
83	WGN63	8.49999999999976	0.394358831278449	1148	7.72625513024654	9.27374486975298
84	WGN63	7.99999999999975	0.394358831278447	1148	7.22625513024653	8.77374486975297
85	WGN63	7.49999999999976	0.394358831278448	1148	6.72625513024654	8.27374486975298
86	WGN63	7.99999999999974	0.394358831278447	1148	7.22625513024652	8.77374486975296
87	WGN63	5.99999999999975	0.394358831278449	1148	5.22625513024653	6.77374486975297
88	WGN63	5.99999999999976	0.394358831278447	1148	5.22625513024654	6.77374486975298
89	WGN63	5.99999999999976	0.394358831278447	1148	5.22625513024654	6.77374486975298
90	WGN63	6.07354221061767	0.557828940739953	1148	4.97906366249392	7.16802075874141
91	WGN63	5.99999999999975	0.394358831278448	1148	5.22625513024654	6.77374486975297
92	WGN63	6.99999999999975	0.394358831278448	1148	6.22625513024653	7.77374486975297
93	WGN63	5.99999999999976	0.394358831278448	1148	5.22625513024654	6.77374486975298
94	WGN63	7.99999999999976	0.394358831278448	1148	7.22625513024654	8.77374486975298
95	WGN63	6.92645778938183	0.557828940739954	1148	5.83197924125809	8.02093633750558
96	WGN63	6.49999999999975	0.394358831278448	1148	5.72625513024653	7.27374486975297
97	WGN63	6.99999999999975	0.394358831278447	1148	6.22625513024653	7.77374486975297
98	WGN63	5.99999999999976	0.394358831278448	1148	5.22625513024654	6.77374486975298
99	WGN63	5.99999999999975	0.394358831278449	1148	5.22625513024653	6.77374486975298
100	WGN63	6.49999999999975	0.394358831278447	1148	5.72625513024654	7.27374486975297
101	WGN63	5.99999999999976	0.394358831278448	1148	5.22625513024654	6.77374486975298
102	WGN63	7.99999999999975	0.394358831278447	1148	7.22625513024653	8.77374486975297
103	WGN63	6.99999999999975	0.394358831278448	1148	6.22625513024653	7.77374486975297
105	WGN63	7.49999999999975	0.394358831278448	1148	6.72625513024653	8.27374486975297
106	WGN63	5.92645778938185	0.557828940739954	1148	4.8319792412581	7.02093633750559
107	WGN63	5.99999999999975	0.394358831278448	1148	5.22625513024653	6.77374486975297
109	WGN63	7.49999999999975	0.394358831278448	1148	6.72625513024653	8.27374486975297
110	WGN63	6.99999999999975	0.394358831278449	1148	6.22625513024653	7.77374486975297
111	WGN63	7.99999999999975	0.394358831278449	1148	7.22625513024653	8.77374486975297
112	WGN63	7.49999999999975	0.394358831278448	1148	6.72625513024653	8.27374486975297
114	WGN63	6.49999999999976	0.394358831278448	1148	5.72625513024654	7.27374486975298
115	WGN63	7.49999999999975	0.394358831278449	1148	6.72625513024653	8.27374486975297
116	WGN63	6.99999999999975	0.394358831278449	1148	6.22625513024653	7.77374486975297
117	WGN63	5.99999999999975	0.394358831278449	1148	5.22625513024653	6.77374486975297
118	WGN63	5.99999999999975	0.394358831278448	1148	5.22625513024653	6.77374486975297
119	WGN63	7.99999999999975	0.394358831278448	1148	7.22625513024653	8.77374486975297
121	WGN63	5.99999999999975	0.394358831278448	1148	5.22625513024653	6.77374486975297
122	WGN63	6.49999999999975	0.394358831278448	1148	5.72625513024653	7.27374486975298
123	WGN63	5.99999999999975	0.394358831278448	1148	5.22625513024653	6.77374486975297
124	WGN63	5.99999999999975	0.394358831278448	1148	5.22625513024653	6.77374486975297
125	WGN63	5.99999999999975	0.394358831278448	1148	5.22625513024653	6.77374486975297
126	WGN63	5.99999999999975	0.394358831278448	1148	5.22625513024653	6.77374486975297
127	WGN63	5.99999999999976	0.394358831278448	1148	5.22625513024654	6.77374486975298
128	WGN63	5.99999999999975	0.394358831278448	1148	5.22625513024653	6.77374486975297
129	WGN63	7.49999999999975	0.394358831278448	1148	6.72625513024653	8.27374486975297
130	WGN63	7.99999999999975	0.394358831278448	1148	7.22625513024653	8.77374486975297
