plantID3	famID	emmean	SE	df	lower.CL	upper.CL
1	WGN07	0.875307125000068	0.105664938331577	962	0.667946761415374	1.08266748858476
2	WGN07	1.04515252200019	0.105664938331582	962	0.837792158415486	1.25251288558489
3	WGN07	1.04216867449996	0.105664938331569	962	0.834808310915279	1.24952903808463
4	WGN07	1.06680161949989	0.105664938331567	962	0.859441255915218	1.27416198308457
5	WGN07	1.21071428550001	0.105664938331579	962	1.00335392191532	1.41807464908471
6	WGN07	0.995833333500009	0.10566493833158	962	0.78847296991531	1.20319369708471
7	WGN07	1.0729949875	0.105664938331578	962	0.865634623915308	1.2803553510847
8	WGN07	1.32374999999998	0.105664938331577	962	1.11638963641529	1.53111036358468
9	WGN07	1.2235934665	0.105664938331578	962	1.0162331029153	1.4309538300847
10	WGN07	1.19179784600001	0.105664938331578	962	0.984437482415315	1.39915820958471
11	WGN07	1.12971784073986	0.14947157738052	962	0.836389882378294	1.42304579910143
12	WGN07	1.12971784073988	0.14947157738053	962	0.836389882378289	1.42304579910146
13	WGN07	1.1894189895	0.105664938331577	962	0.982058625915308	1.3967793530847
14	WGN07	1.0381578945	0.105664938331576	962	0.830797530915309	1.24551825808469
15	WGN07	0.928779070000014	0.105664938331579	962	0.721418706415316	1.13613943358471
16	WGN07	1.192857143	0.105664938331577	962	0.985496779415305	1.40021750658469
17	WGN07	1.091641679	0.10566493833158	962	0.884281315415298	1.2990020425847
18	WGN07	1.128591954	0.105664938331577	962	0.921231590415306	1.3359523175847
20	WGN07	1.15404216473987	0.149471577380526	962	0.860714206378293	1.44737012310145
21	WGN07	1.5245202555	0.105664938331575	962	1.31715989191531	1.73188061908469
22	WGN07	1.0471626735	0.105664938331578	962	0.839802309915303	1.25452303708469
23	WGN07	1.03737549773987	0.149471577380527	962	0.744047539378294	1.33070345610146
24	WGN07	1.28737549773986	0.149471577380519	962	0.994047539378296	1.58070345610143
25	WGN07	1.19404216473988	0.149471577380523	962	0.900714206378308	1.48737012310145
26	WGN07	1.16545454550001	0.10566493833158	962	0.958094181915314	1.37281490908471
27	WGN07	1.0071862905	0.105664938331578	962	0.799825926915308	1.2145466540847
28	WGN07	1.0393258425	0.105664938331578	962	0.831965478915309	1.2466862060847
29	WGN07	1.303741035	0.105664938331577	962	1.0963806714153	1.51110139858469
30	WGN07	0.939062500000002	0.105664938331578	962	0.731702136415307	1.1464228635847
31	WGN07	1.24431818199999	0.105664938331575	962	1.0369578184153	1.45167854558468
32	WGN07	1.2576961275	0.105664938331578	962	1.0503357639153	1.46505649108469
33	WGN07	0.999113618000001	0.105664938331578	962	0.791753254415306	1.2064739815847
34	WGN07	1.035043007	0.105664938331577	962	0.827682643415307	1.24240337058469
35	WGN07	0.937500000000003	0.105664938331578	962	0.730139636415308	1.1448603635847
36	WGN07	1.15669925250001	0.105664938331579	962	0.949338888915315	1.36405961608471
37	WGN07	1.10620300750001	0.105664938331579	962	0.898842643915307	1.3135633710847
38	WGN07	1.10887096750001	0.10566493833158	962	0.901510603915306	1.31623133108471
39	WGN07	1.34921925799999	0.105664938331575	962	1.14185889441529	1.55657962158468
40	WGN07	1.20938897150002	0.105664938331578	962	1.00202860791532	1.41674933508471
41	WGN07	0.925873150739879	0.149471577380524	962	0.632545192378305	1.21920110910145
42	WGN07	1.3144458285	0.105664938331578	962	1.10708546491531	1.5218061920847
44	WGN07	1.370813397	0.105664938331578	962	1.16345303341531	1.5781737605847
46	WGN07	1.28665689150001	0.105664938331578	962	1.07929652791532	1.49401725508471
47	WGN07	1.07404216473988	0.149471577380521	962	0.780714206378312	1.36737012310145
48	WGN07	1.003531367	0.105664938331576	962	0.796171003415311	1.21089173058469
49	WGN07	1.12795520773987	0.14947157738052	962	0.834627249378301	1.42128316610144
50	WGN07	1.108333333	0.105664938331577	962	0.900972969415302	1.31569369658469
51	WGN07	1.0239088575	0.105664938331578	962	0.816548493915303	1.23126922108469
52	WGN07	1.03501400549999	0.105664938331574	962	0.827653641915307	1.24237436908468
53	WGN07	1.216826477	0.105664938331576	962	1.00946611341531	1.42418684058469
54	WGN07	1.00309597500001	0.105664938331578	962	0.795735611415312	1.2104563385847
55	WGN07	1.034074074	0.105664938331578	962	0.826713710415308	1.2414344375847
56	WGN07	1.0489254315	0.105664938331578	962	0.841565067915306	1.2562857950847
57	WGN07	1.25336700299998	0.105664938331575	962	1.0460066394153	1.46072736658467
58	WGN07	0.938723404500008	0.10566493833158	962	0.731363040915309	1.14608376808471
59	WGN07	1.1232142855	0.105664938331577	962	0.915853921915308	1.3305746490847
60	WGN07	1.031772575	0.105664938331576	962	0.824412211415308	1.23913293858469
61	WGN07	1.037652439	0.105664938331582	962	0.8302920754153	1.24501280258471
63	WGN07	1.1751152075	0.105664938331579	962	0.967754843915303	1.3824755710847
64	WGN07	0.811185021739872	0.149471577380521	962	0.517857063378303	1.10451298010144
66	WGN07	1.01635273950001	0.10566493833158	962	0.808992375915307	1.22371310308471
67	WGN07	0.705000000000008	0.105664938331577	962	0.497639636415314	0.912360363584702
68	WGN07	1.186363636	0.105664938331581	962	0.979003272415302	1.3937239995847
69	WGN07	1.05160314073987	0.149471577380523	962	0.7582751823783	1.34493109910145
71	WGN07	0.936519115000001	0.105664938331579	962	0.729158751415304	1.1438794785847
73	WGN07	1.16931818199999	0.105664938331578	962	0.961957818415294	1.37667854558468
74	WGN07	1.3063958515	0.105664938331577	962	1.0990354879153	1.51375621508469
75	WGN07	1.0342862855	0.105664938331578	962	0.826925921915308	1.2416466490847
76	WGN07	0.945409429000004	0.105664938331577	962	0.73804906541531	1.1527697925847
77	WGN07	1.0732819075	0.105664938331579	962	0.865921543915303	1.2806422710847
78	WGN07	1.0416666665	0.105664938331578	962	0.834306302915309	1.2490270300847
79	WGN07	1.42916666650001	0.105664938331579	962	1.22180630291531	1.63652703008471
80	WGN07	1.38991684	0.105664938331577	962	1.1825564764153	1.59727720358469
81	WGN07	0.951432734500003	0.105664938331579	962	0.744072370915306	1.1587930980847
82	WGN07	0.9964122635	0.105664938331578	962	0.789051899915305	1.2037726270847
83	WGN07	1.48035795373989	0.149471577380528	962	1.18702999537831	1.77368591210147
84	WGN07	1.08812554900001	0.105664938331578	962	0.880765185415311	1.2954859125847
85	WGN07	1.09210526299999	0.105664938331578	962	0.884744899415298	1.29946562658469
86	WGN07	1.37854251	0.105664938331579	962	1.1711821464153	1.58590287358469
87	WGN07	1.09520884500001	0.10566493833158	962	0.88784848141531	1.30256920858471
88	WGN07	1.1523336215	0.105664938331578	962	0.944973257915306	1.3596939850847
89	WGN07	1.02142857150001	0.105664938331579	962	0.81406820791531	1.2287889350847
90	WGN07	0.980350158000004	0.105664938331579	962	0.772989794415306	1.1877105215847
91	WGN07	1.33631713550001	0.105664938331577	962	1.12895677191532	1.5436774990847
92	WGN07	1.23773865726012	0.149471577380522	962	0.944410698898551	1.53106661562169
93	WGN07	1.17143346873988	0.149471577380526	962	0.878105510378302	1.46476142710146
94	WGN07	1.27232142850001	0.105664938331579	962	1.06496106491531	1.4796817920847
95	WGN07	1.05414150100001	0.105664938331579	962	0.846781137415306	1.2615018645847
96	WGN07	1.7264647795	0.105664938331578	962	1.5191044159153	1.93382514308469
97	WGN07	1.28737549773988	0.149471577380526	962	0.9940475393783	1.58070345610146
98	WGN07	1.4183035715	0.105664938331577	962	1.21094320791531	1.62566393508469
99	WGN07	1.3146153845	0.105664938331578	962	1.10725502091531	1.5219757480847
100	WGN07	0.958396599000003	0.105664938331579	962	0.751036235415305	1.1657569625847
101	WGN07	1.04099868673987	0.149471577380526	962	0.747670728378296	1.33432664510145
102	WGN07	0.920346320500002	0.105664938331579	962	0.712985956915305	1.1277066840847
103	WGN07	0.951945080000003	0.105664938331577	962	0.744584716415309	1.1593054435847
104	WGN07	1.2198889275	0.105664938331579	962	1.01252856391531	1.4272492910847
105	WGN07	1.299107143	0.105664938331578	962	1.09174677941531	1.5064675065847
106	WGN07	1.05930532273988	0.149471577380525	962	0.765977364378303	1.35263328110146
107	WGN07	1.0970238095	0.105664938331578	962	0.889663445915306	1.3043841730847
108	WGN07	1.0414149445	0.10566493833158	962	0.8340545809153	1.2487753080847
109	WGN07	0.93057322026013	0.149471577380527	962	0.63724526189855	1.22390117862171
110	WGN07	0.905293832000005	0.105664938331578	962	0.697933468415309	1.1126541955847
112	WGN07	1.15735347650001	0.105664938331579	962	0.949993112915308	1.3647138400847
113	WGN07	0.810371517499991	0.105664938331577	962	0.603011153915298	1.01773188108469
114	WGN07	1.067213115	0.105664938331578	962	0.859852751415306	1.2745734785847
115	WGN07	1.0476890755	0.105664938331578	962	0.840328711915306	1.2550494390847
116	WGN07	0.851932045500002	0.105664938331579	962	0.644571681915304	1.0592924090847
117	WGN07	1.5096545805	0.105664938331578	962	1.30229421691531	1.7170149440847
118	WGN07	1.14722365826012	0.149471577380523	962	0.853895699898548	1.44055161662169
119	WGN07	1.19053098800001	0.105664938331578	962	0.983170624415312	1.3978913515847
120	WGN07	1.1154069765	0.105664938331578	962	0.908046612915309	1.3227673400847
121	WGN07	1.180487805	0.105664938331578	962	0.973127441415306	1.3878481685847
122	WGN07	1.20404216473988	0.149471577380525	962	0.9107142063783	1.49737012310145
123	WGN07	1.06926406950002	0.105664938331582	962	0.861903705915316	1.27662443308472
124	WGN07	0.994042164739882	0.149471577380526	962	0.700714206378304	1.28737012310146
125	WGN07	0.991815475999997	0.105664938331577	962	0.784455112415303	1.19917583958469
126	WGN07	0.908929837000004	0.105664938331578	962	0.701569473415308	1.1162902005847
127	WGN07	0.848188848000002	0.105664938331577	962	0.640828484415308	1.0555492115847
128	WGN07	1.33762450226014	0.14947157738053	962	1.04429654389856	1.63095246062173
129	WGN07	1.2016228175	0.105664938331577	962	0.994262453915309	1.4089831810847
130	WGN07	0.794999999999997	0.105664938331579	962	0.587639636415301	1.00236036358469
1	WGN15	0.955758866999973	0.105664938331576	962	0.748398503415283	1.16311923058466
2	WGN15	1.02253531573988	0.149471577380527	962	0.729207357378305	1.31586327410146
3	WGN15	0.991071428499995	0.105664938331575	962	0.783711064915305	1.19843179208469
4	WGN15	0.954042164739866	0.149471577380521	962	0.660714206378297	1.24737012310143
5	WGN15	1.10388616900001	0.105664938331579	962	0.896525805415309	1.3112465325847
7	WGN15	1.0814814815	0.105664938331578	962	0.874121117915301	1.28884184508469
8	WGN15	0.852272726999997	0.105664938331578	962	0.644912363415302	1.05963309058469
9	WGN15	0.938764044999991	0.10566493833158	962	0.731403681415292	1.14612440858469
10	WGN15	1.003846154	0.10566493833158	962	0.7964857904153	1.2112065175847
11	WGN15	1.08434065949999	0.105664938331577	962	0.876980295915296	1.29170102308468
12	WGN15	1.005974026	0.105664938331577	962	0.798613662415304	1.21333438958469
13	WGN15	1.10297833473988	0.149471577380528	962	0.809650376378301	1.39630629310146
14	WGN15	0.962962963000002	0.105664938331579	962	0.755602599415305	1.1703233265847
15	WGN15	0.829279279500003	0.105664938331576	962	0.62191891591531	1.03663964308469
16	WGN15	0.933023872500002	0.105664938331575	962	0.725663508915311	1.14038423608469
17	WGN15	1.04195425273987	0.149471577380526	962	0.748626294378295	1.33528221110145
18	WGN15	0.895902629739874	0.149471577380524	962	0.6025746713783	1.18923058810145
19	WGN15	1.347636816	0.105664938331579	962	1.14027645241531	1.5549971795847
20	WGN15	0.847670250999997	0.105664938331578	962	0.640309887415301	1.05503061458469
21	WGN15	0.999060150499998	0.105664938331577	962	0.791699786915304	1.20642051408469
22	WGN15	1.204809287	0.105664938331579	962	0.997448923415306	1.4121696505847
23	WGN15	1.42248803849999	0.105664938331577	962	1.2151276749153	1.62984840208469
24	WGN15	0.974999999999998	0.105664938331579	962	0.7676396364153	1.1823603635847
25	WGN15	0.980305132	0.105664938331578	962	0.772944768415305	1.1876654955847
26	WGN15	0.5884615385	0.105664938331577	962	0.381101174915305	0.795821902084694
27	WGN15	0.911608198499998	0.10566493833158	962	0.704247834915298	1.1189685620847
28	WGN15	1.170652174	0.105664938331578	962	0.963291810415304	1.37801253758469
29	WGN15	1.043569292	0.105664938331577	962	0.836208928415303	1.25092965558469
30	WGN15	0.925873150739874	0.149471577380524	962	0.632545192378299	1.21920110910145
31	WGN15	0.977570564499991	0.105664938331578	962	0.770210200915296	1.18493092808469
32	WGN15	0.941340361499997	0.105664938331578	962	0.733979997915301	1.14870072508469
33	WGN15	0.729001826000001	0.105664938331577	962	0.521641462415307	0.936362189584695
34	WGN15	0.737130802000003	0.105664938331577	962	0.529770438415309	0.944491165584697
35	WGN15	1.17831325300001	0.10566493833158	962	0.970952889415307	1.38567361658471
36	WGN15	0.851106640000004	0.105664938331576	962	0.643746276415312	1.0584670035847
37	WGN15	0.884959892999995	0.105664938331578	962	0.6775995294153	1.09232025658469
38	WGN15	0.562150272739879	0.149471577380523	962	0.268822314378308	0.855478231101451
39	WGN15	0.924215642500003	0.105664938331579	962	0.716855278915305	1.1315760060847
40	WGN15	1.1233698485	0.105664938331579	962	0.916009484915307	1.3307302120847
41	WGN15	0.5927291885	0.105664938331579	962	0.385368824915303	0.800089552084697
43	WGN15	0.929316888000002	0.105664938331578	962	0.721956524415307	1.1366772515847
44	WGN15	1.080941344	0.10566493833158	962	0.873580980415302	1.2883017075847
45	WGN15	1.1025345625	0.105664938331577	962	0.895174198915304	1.30989492608469
46	WGN15	0.812401884000006	0.105664938331576	962	0.605041520415314	1.0197622475847
47	WGN15	0.805700413499997	0.105664938331577	962	0.598340049915303	1.01306077708469
48	WGN15	0.992503702739878	0.149471577380529	962	0.699175744378293	1.28583166110146
50	WGN15	1.1866795365	0.105664938331577	962	0.979319172915303	1.39403990008469
51	WGN15	0.876358695500003	0.105664938331577	962	0.668998331915311	1.0837190590847
52	WGN15	1.037087912	0.105664938331579	962	0.829727548415304	1.2444482755847
53	WGN15	0.800196010739876	0.149471577380527	962	0.506868052378295	1.09352396910146
54	WGN15	1.04595783526012	0.149471577380527	962	0.752629876898545	1.3392857936217
55	WGN15	1.002849003	0.105664938331578	962	0.795488639415303	1.21020936658469
56	WGN15	0.964626391000004	0.105664938331579	962	0.757266027415306	1.1719867545847
58	WGN15	1.1392026575	0.105664938331578	962	0.931842293915304	1.3465630210847
59	WGN15	1.056722689	0.105664938331578	962	0.8493623254153	1.26408305258469
60	WGN15	0.960470949999997	0.105664938331578	962	0.753110586415302	1.16783131358469
61	WGN15	1.168750953	0.105664938331578	962	0.961390589415303	1.3761113165847
62	WGN15	1.1994863015	0.105664938331577	962	0.992125937915304	1.40684666508469
63	WGN15	0.843749999999992	0.105664938331578	962	0.636389636415297	1.05111036358469
64	WGN15	1.00329781849999	0.105664938331578	962	0.795937454915291	1.21065818208468
66	WGN15	0.750000000000001	0.105664938331577	962	0.542639636415308	0.957360363584694
67	WGN15	1.1352941175	0.105664938331578	962	0.927933753915302	1.34265448108469
68	WGN15	0.718869590999997	0.105664938331577	962	0.511509227415303	0.92622995458469
69	WGN15	1.1887337505	0.105664938331579	962	0.981373386915305	1.3960941140847
70	WGN15	1.1697871505	0.105664938331578	962	0.962426786915303	1.37714751408469
71	WGN15	0.95404216473987	0.149471577380523	962	0.660714206378297	1.24737012310144
72	WGN15	0.910086120739873	0.149471577380525	962	0.616758162378296	1.20341407910145
73	WGN15	1.016025641	0.105664938331579	962	0.808665277415303	1.2233860045847
74	WGN15	0.879968090739874	0.149471577380527	962	0.586640132378294	1.17329604910145
75	WGN15	1.082186235	0.105664938331577	962	0.874825871415305	1.28954659858469
77	WGN15	1.0322580645	0.105664938331577	962	0.824897700915308	1.2396184280847
78	WGN15	1.09761904799999	0.105664938331579	962	0.890258684415298	1.30497941158469
79	WGN15	0.820409981999999	0.105664938331578	962	0.613049618415303	1.02777034558469
80	WGN15	0.625874125499998	0.105664938331578	962	0.418513761915302	0.833234489084694
81	WGN15	0.899367977499993	0.105664938331579	962	0.692007613915296	1.10672834108469
82	WGN15	0.767476822260111	0.149471577380521	962	0.474148863898542	1.06080478062168
83	WGN15	0.854042164739878	0.149471577380524	962	0.560714206378303	1.14737012310145
84	WGN15	1.124809741	0.105664938331577	962	0.917449377415304	1.33217010458469
85	WGN15	1.081815375	0.105664938331579	962	0.874455011415301	1.2891757385847
86	WGN15	0.765931372499995	0.105664938331579	962	0.558571008915297	0.973291736084692
87	WGN15	1.2723418135	0.105664938331578	962	1.0649814499153	1.47970217708469
88	WGN15	0.770095766260123	0.149471577380525	962	0.476767807898547	1.0634237246217
89	WGN15	1.0946153845	0.105664938331578	962	0.887255020915307	1.3019757480847
90	WGN15	1.0340094555	0.105664938331577	962	0.826649091915305	1.24136981908469
91	WGN15	1.1377880185	0.105664938331579	962	0.930427654915303	1.3451483820847
92	WGN15	1.10327743900001	0.105664938331577	962	0.895917075415312	1.3106378025847
93	WGN15	0.917366946499998	0.105664938331579	962	0.7100065829153	1.1247273100847
94	WGN15	1.013348416	0.105664938331578	962	0.805988052415304	1.2207087795847
95	WGN15	0.965974025999999	0.105664938331578	962	0.758613662415304	1.17333438958469
96	WGN15	1.02866903073987	0.149471577380525	962	0.7353410723783	1.32199698910145
97	WGN15	0.779392764999994	0.105664938331577	962	0.572032401415301	0.986753128584687
98	WGN15	0.8820598005	0.105664938331579	962	0.674699436915302	1.0894201640847
99	WGN15	1.27428571450001	0.105664938331578	962	1.06692535091531	1.4816460780847
100	WGN15	0.862951807000001	0.105664938331576	962	0.65559144341531	1.07031217058469
101	WGN15	1.29191587899999	0.105664938331576	962	1.0845555154153	1.49927624258469
102	WGN15	0.834841629000009	0.105664938331578	962	0.627481265415314	1.0422019925847
103	WGN15	1.14521863573987	0.149471577380529	962	0.851890677378288	1.43854659410146
104	WGN15	0.518095238	0.105664938331577	962	0.310734874415307	0.725455601584693
106	WGN15	0.940884269739875	0.149471577380528	962	0.647556311378294	1.23421222810146
107	WGN15	1.02547073573988	0.149471577380529	962	0.732142777378295	1.31879869410146
108	WGN15	0.9103083355	0.105664938331578	962	0.702947971915304	1.1176686990847
109	WGN15	1.1749487705	0.105664938331577	962	0.967588406915304	1.38230913408469
110	WGN15	1.065054945	0.105664938331578	962	0.857694581415306	1.2724153085847
111	WGN15	0.826135187739875	0.149471577380528	962	0.532807229378294	1.11946314610146
112	WGN15	1.015988372	0.105664938331579	962	0.808628008415302	1.2233487355847
113	WGN15	0.900530839500012	0.105664938331577	962	0.693170475915318	1.10789120308471
114	WGN15	1.05	0.105664938331579	962	0.842639636415303	1.2573603635847
115	WGN15	1.016384778	0.105664938331578	962	0.809024414415306	1.2237451415847
116	WGN15	0.87711908773987	0.149471577380524	962	0.583791129378296	1.17044704610144
117	WGN15	0.931770833500003	0.105664938331577	962	0.724410469915309	1.1391311970847
118	WGN15	1.0011074195	0.105664938331576	962	0.79374705591531	1.20846778308469
119	WGN15	1.15528169	0.105664938331577	962	0.947921326415306	1.36264205358469
120	WGN15	0.833836623260116	0.149471577380527	962	0.540508664898536	1.1271645816217
121	WGN15	0.897250699	0.105664938331578	962	0.689890335415304	1.1046110625847
122	WGN15	0.961212072260124	0.149471577380526	962	0.667884113898545	1.2545400306217
123	WGN15	1.2239667515	0.105664938331579	962	1.0166063879153	1.4313271150847
124	WGN15	0.9434968015	0.105664938331577	962	0.736136437915306	1.15085716508469
125	WGN15	0.994845361000002	0.105664938331577	962	0.787484997415307	1.2022057245847
126	WGN15	0.975696202499998	0.10566493833158	962	0.768335838915299	1.1830565660847
127	WGN15	1.0462184875	0.105664938331578	962	0.838858123915306	1.2535788510847
128	WGN15	1.0280172415	0.105664938331579	962	0.820656877915303	1.2353776050847
129	WGN15	0.443713450000005	0.105664938331577	962	0.236353086415312	0.651073813584698
130	WGN15	0.971778221999998	0.105664938331577	962	0.764417858415304	1.17913858558469
1	WGN26	0.791755037000026	0.105664938331578	962	0.584394673415331	0.999115400584721
3	WGN26	0.954042164739867	0.149471577380527	962	0.660714206378286	1.24737012310145
4	WGN26	1.106639248	0.105664938331578	962	0.899278884415304	1.3139996115847
5	WGN26	0.932344064500002	0.105664938331579	962	0.724983700915304	1.1397044280847
6	WGN26	0.977502194500001	0.105664938331577	962	0.770141830915308	1.18486255808469
7	WGN26	0.736142083499997	0.105664938331579	962	0.5287817199153	0.943502447084694
8	WGN26	1.0647887325	0.105664938331578	962	0.857428368915308	1.2721490960847
9	WGN26	0.778217988739868	0.149471577380528	962	0.484890030378286	1.07154594710145
10	WGN26	0.857804232999996	0.105664938331577	962	0.650443869415302	1.06516459658469
11	WGN26	1.08683670850001	0.105664938331579	962	0.879476344915311	1.29419707208471
12	WGN26	1.15455277999999	0.105664938331577	962	0.947192416415295	1.36191314358468
13	WGN26	1.14449064449999	0.105664938331577	962	0.937130280915299	1.35185100808469
14	WGN26	1.04086738949999	0.105664938331577	962	0.833507025915297	1.24822775308468
15	WGN26	0.888928507499995	0.105664938331577	962	0.6815681439153	1.09628887108469
17	WGN26	1.11748120299999	0.105664938331577	962	0.910120839415297	1.32484156658468
18	WGN26	1.18749999999999	0.105664938331579	962	0.980139636415289	1.39486036358468
19	WGN26	1.05265359799999	0.105664938331578	962	0.845293234415297	1.26001396158469
20	WGN26	1.06832787873987	0.149471577380525	962	0.774999920378295	1.36165583710145
21	WGN26	0.886363636499995	0.105664938331579	962	0.679003272915298	1.09372400008469
22	WGN26	1.101098901	0.105664938331578	962	0.893738537415305	1.3084592645847
23	WGN26	0.816111130739865	0.149471577380525	962	0.522783172378289	1.10943908910144
24	WGN26	1.08345392973986	0.149471577380523	962	0.790125971378293	1.37678188810144
25	WGN26	0.898437499999994	0.105664938331576	962	0.691077136415302	1.10579786358469
26	WGN26	0.90698334073988	0.149471577380529	962	0.613655382378296	1.20031129910146
27	WGN26	0.941039307000001	0.105664938331577	962	0.733678943415306	1.1483996705847
28	WGN26	1.00588235299999	0.105664938331577	962	0.798521989415301	1.21324271658469
29	WGN26	0.978390267260128	0.149471577380528	962	0.685062308898546	1.27171822562171
30	WGN26	0.870957835260127	0.149471577380528	962	0.577629876898545	1.16428579362171
31	WGN26	1.3171122995	0.105664938331578	962	1.10975193591531	1.5244726630847
32	WGN26	0.989756450739866	0.149471577380524	962	0.696428492378293	1.28308440910144
33	WGN26	1.06537531126011	0.149471577380523	962	0.772047352898542	1.35870326962169
34	WGN26	1.1342141005	0.105664938331578	962	0.926853736915299	1.34157446408469
35	WGN26	1.137732749	0.105664938331578	962	0.930372385415304	1.3450931125847
36	WGN26	1.30987762249998	0.105664938331576	962	1.10251725891529	1.51723798608468
38	WGN26	0.767236081999999	0.105664938331578	962	0.559875718415304	0.974596445584694
39	WGN26	1.07232019050001	0.105664938331579	962	0.864959826915307	1.2796805540847
40	WGN26	0.795834474999996	0.105664938331578	962	0.588474111415301	1.00319483858469
41	WGN26	1.04089939899999	0.105664938331578	962	0.833539035415291	1.24825976258468
42	WGN26	1.043108108	0.105664938331578	962	0.835747744415304	1.2504684715847
43	WGN26	1.096177945	0.105664938331578	962	0.888817581415304	1.3035383085847
44	WGN26	1.181617647	0.105664938331578	962	0.974257283415301	1.38897801058469
45	WGN26	0.944816540499997	0.105664938331578	962	0.737456176915301	1.15217690408469
46	WGN26	0.811445782999992	0.105664938331579	962	0.604085419415294	1.01880614658469
47	WGN26	0.723272933739874	0.149471577380524	962	0.429944975378299	1.01660089210145
48	WGN26	0.702985074499989	0.105664938331577	962	0.495624710915296	0.910345438084682
49	WGN26	0.864154524739872	0.149471577380526	962	0.570826566378295	1.15748248310145
50	WGN26	1.15275142299999	0.105664938331578	962	0.945391059415297	1.36011178658469
51	WGN26	1.0064935065	0.105664938331579	962	0.7991331429153	1.21385387008469
52	WGN26	1.04258241749999	0.105664938331578	962	0.835222053915296	1.24994278108469
53	WGN26	1.17132867099999	0.105664938331577	962	0.963968307415296	1.37868903458468
54	WGN26	0.960773325499998	0.105664938331579	962	0.753412961915301	1.1681336890847
55	WGN26	1.5077293025	0.105664938331578	962	1.3003689389153	1.71508966608469
56	WGN26	1.00414666049998	0.105664938331575	962	0.796786296915294	1.21150702408468
57	WGN26	0.906115623499992	0.105664938331577	962	0.698755259915299	1.11347598708469
58	WGN26	0.974489795999994	0.105664938331577	962	0.7671294324153	1.18185015958469
59	WGN26	1.27323056226013	0.149471577380524	962	0.979902603898553	1.5665585206217
60	WGN26	1.1280428435	0.105664938331578	962	0.920682479915304	1.3354032070847
61	WGN26	0.758920213739865	0.149471577380528	962	0.465592255378283	1.05224817210145
62	WGN26	0.945127196499993	0.105664938331578	962	0.737766832915298	1.15248756008469
64	WGN26	1.17303370799999	0.105664938331579	962	0.965673344415298	1.38039407158469
65	WGN26	0.785683862260118	0.149471577380528	962	0.492355903898535	1.0790118206217
66	WGN26	1.0975274725	0.105664938331577	962	0.890167108915303	1.30488783608469
67	WGN26	0.898946135499992	0.105664938331578	962	0.691585771915296	1.10630649908469
68	WGN26	0.86672463049999	0.105664938331577	962	0.659364266915297	1.07408499408468
69	WGN26	1.42988013699999	0.105664938331578	962	1.2225197734153	1.63724050058469
70	WGN26	1.16223690526011	0.149471577380523	962	0.86890894689854	1.45556486362168
71	WGN26	0.842245989499993	0.105664938331578	962	0.634885625915297	1.04960635308469
72	WGN26	0.988095238499998	0.105664938331578	962	0.780734874915302	1.19545560208469
73	WGN26	0.978787878999997	0.105664938331579	962	0.771427515415299	1.18614824258469
74	WGN26	1.0955988455	0.105664938331577	962	0.888238481915307	1.30295920908469
75	WGN26	1.0474358975	0.105664938331577	962	0.840075533915302	1.25479626108469
76	WGN26	1.31341716473988	0.149471577380526	962	1.0200892063783	1.60674512310145
77	WGN26	0.991687191999997	0.105664938331578	962	0.784326828415301	1.19904755558469
78	WGN26	1.14008867673987	0.149471577380524	962	0.846760718378297	1.43341663510145
79	WGN26	1.01526458599999	0.105664938331578	962	0.807904222415297	1.22262494958469
80	WGN26	0.749999999999995	0.105664938331578	962	0.5426396364153	0.957360363584689
81	WGN26	1.20079541173987	0.149471577380524	962	0.907467453378293	1.49412337010144
82	WGN26	1.04154216473987	0.149471577380524	962	0.748214206378292	1.33487012310144
83	WGN26	0.944705882499997	0.105664938331578	962	0.737345518915302	1.15206624608469
85	WGN26	1.04495125573987	0.149471577380525	962	0.751623297378295	1.33827921410145
86	WGN26	0.754042164739875	0.149471577380525	962	0.460714206378298	1.04737012310145
87	WGN26	1.14024788	0.105664938331578	962	0.932887516415301	1.34760824358469
88	WGN26	0.909132479499993	0.105664938331577	962	0.701772115915298	1.11649284308469
89	WGN26	1.11734693849999	0.105664938331577	962	0.9099865749153	1.32470730208469
90	WGN26	0.931515957499997	0.105664938331578	962	0.724155593915302	1.13887632108469
91	WGN26	1.04870891999999	0.105664938331578	962	0.841348556415297	1.25606928358469
92	WGN26	1.06428571449999	0.105664938331577	962	0.8569253509153	1.27164607808469
93	WGN26	0.814285714000005	0.105664938331578	962	0.606925350415309	1.0216460775847
94	WGN26	0.926644737000001	0.105664938331579	962	0.719284373415304	1.1340051005847
95	WGN26	0.919379844999994	0.105664938331578	962	0.712019481415299	1.12674020858469
96	WGN26	0.832830043739873	0.149471577380526	962	0.539502085378295	1.12615800210145
97	WGN26	1.09138994999999	0.105664938331577	962	0.8840295864153	1.29875031358469
98	WGN26	1.03051537099999	0.105664938331576	962	0.823155007415294	1.23787573458468
99	WGN26	1.015921409	0.105664938331578	962	0.808561045415301	1.22328177258469
100	WGN26	0.965458275999993	0.105664938331577	962	0.758097912415299	1.17281863958469
101	WGN26	0.757142857499996	0.105664938331577	962	0.549782493915302	0.96450322108469
102	WGN26	0.882613593739871	0.149471577380525	962	0.589285635378294	1.17594155210145
103	WGN26	1.07874472026012	0.149471577380527	962	0.785416761898543	1.3720726786217
104	WGN26	0.795807977999996	0.105664938331579	962	0.588447614415298	1.00316834158469
105	WGN26	1.11380281699999	0.105664938331577	962	0.9064424534153	1.32116318058469
106	WGN26	0.93057322026012	0.149471577380526	962	0.637245261898541	1.2239011786217
108	WGN26	1.15404216473987	0.149471577380526	962	0.860714206378296	1.44737012310145
109	WGN26	1.02308265049999	0.105664938331577	962	0.8157222869153	1.23044301408469
111	WGN26	0.847418967499994	0.105664938331577	962	0.640058603915299	1.05477933108469
112	WGN26	0.912193387999999	0.105664938331579	962	0.704833024415302	1.1195537515847
113	WGN26	1.1270242915	0.105664938331578	962	0.9196639279153	1.33438465508469
114	WGN26	0.997807017499989	0.105664938331577	962	0.790446653915295	1.20516738108468
115	WGN26	1.027673546	0.105664938331579	962	0.820313182415299	1.2350339095847
116	WGN26	0.786217575260123	0.149471577380523	962	0.492889616898551	1.0795455336217
117	WGN26	0.936582835260125	0.149471577380527	962	0.643254876898545	1.2299107936217
118	WGN26	0.957739676499996	0.105664938331577	962	0.750379312915301	1.16510004008469
119	WGN26	0.807266009499994	0.105664938331578	962	0.599905645915298	1.01462637308469
120	WGN26	0.791666666499995	0.105664938331579	962	0.584306302915297	0.999027030084692
121	WGN26	1.330133736	0.105664938331578	962	1.1227733724153	1.53749409958469
122	WGN26	0.956196943999997	0.105664938331578	962	0.748836580415301	1.16355730758469
123	WGN26	1.00809621873987	0.149471577380522	962	0.714768260378299	1.30142417710144
125	WGN26	1.226284585	0.105664938331579	962	1.0189242214153	1.4336449485847
126	WGN26	1.45504874426012	0.149471577380526	962	1.16172078589854	1.7483767026217
127	WGN26	1.57548125649999	0.105664938331578	962	1.3681208929153	1.78284162008469
128	WGN26	1.01024354926012	0.149471577380527	962	0.716915590898542	1.3035715076217
129	WGN26	0.683579679499996	0.105664938331578	962	0.4762193159153	0.890940043084691
130	WGN26	1.19999999999999	0.105664938331577	962	0.992639636415297	1.40736036358469
1	WGN36	1.14889901126	0.149471577380511	962	0.855571052898446	1.44222696962154
2	WGN36	0.958846329499984	0.105664938331576	962	0.751485965915292	1.16620669308468
4	WGN36	0.868902438999995	0.105664938331575	962	0.661542075415304	1.07626280258469
5	WGN36	0.913392856999984	0.105664938331578	962	0.706032493415289	1.12075322058468
6	WGN36	1.08747252749998	0.105664938331579	962	0.880112163915286	1.29483289108468
7	WGN36	0.908457835260108	0.149471577380525	962	0.615129876898532	1.20178579362168
8	WGN36	1.48445945949999	0.105664938331578	962	1.27709909591529	1.69181982308469
9	WGN36	0.920708831739851	0.149471577380527	962	0.62738087337827	1.21403679010143
10	WGN36	1.12303348099998	0.105664938331577	962	0.915673117415284	1.33039384458467
11	WGN36	0.854042164739858	0.149471577380527	962	0.560714206378278	1.14737012310144
12	WGN36	1.20972409799998	0.105664938331578	962	1.00236373441529	1.41708446158468
13	WGN36	1.11038961049998	0.105664938331577	962	0.903029246915287	1.31774997408468
14	WGN36	0.94426229499998	0.105664938331578	962	0.736901931415283	1.15162265858468
15	WGN36	1.15244565199998	0.105664938331577	962	0.94508528841529	1.35980601558468
16	WGN36	1.10414585449998	0.105664938331575	962	0.896785490915291	1.31150621808467
17	WGN36	1.26918918899999	0.105664938331579	962	1.06182882541529	1.47654955258469
18	WGN36	1.12070883173986	0.149471577380523	962	0.827380873378293	1.41403679010144
19	WGN36	0.980357953739859	0.149471577380525	962	0.687029995378283	1.27368591210144
20	WGN36	1.09803921599999	0.105664938331577	962	0.890678852415292	1.30539957958468
21	WGN36	1.13411997849999	0.105664938331579	962	0.926759614915289	1.34148034208468
22	WGN36	1.14912146699999	0.10566493833158	962	0.941761103415287	1.35648183058469
23	WGN36	1.15719339599998	0.105664938331578	962	0.949833032415285	1.36455375958468
24	WGN36	1.20074679949998	0.105664938331578	962	0.993386435915285	1.40810716308468
26	WGN36	1.07320971849998	0.105664938331577	962	0.86584935491529	1.28057008208468
27	WGN36	0.722430607499994	0.105664938331577	962	0.515070243915301	0.929790971084687
28	WGN36	1.22837837849999	0.105664938331578	962	1.02101801491529	1.43573874208469
30	WGN36	1.22945945949998	0.105664938331578	962	1.02209909591529	1.43681982308468
31	WGN36	1.15534804749998	0.10566493833158	962	0.947987683915284	1.36270841108468
33	WGN36	0.866979655999979	0.105664938331578	962	0.659619292415283	1.07434001958468
34	WGN36	1.01794035399998	0.105664938331578	962	0.810579990415288	1.22530071758468
35	WGN36	1.03932584249998	0.105664938331578	962	0.831965478915288	1.24668620608468
36	WGN36	1.21634615399998	0.105664938331578	962	1.00898579041529	1.42370651758468
37	WGN36	1.18010417626011	0.149471577380527	962	0.886776217898529	1.47343213462169
38	WGN36	1.01654607026011	0.149471577380524	962	0.723218111898537	1.30987402862168
39	WGN36	1.08002291849998	0.105664938331578	962	0.872662554915286	1.28738328208468
40	WGN36	0.733684738999982	0.105664938331578	962	0.526324375415288	0.941045102584677
41	WGN36	1.09047619049998	0.105664938331577	962	0.883115826915288	1.29783655408468
42	WGN36	1.13700670099998	0.105664938331576	962	0.929646337415292	1.34436706458467
43	WGN36	1.26153966549998	0.105664938331576	962	1.05417930191529	1.46890002908467
44	WGN36	0.857786357999985	0.105664938331577	962	0.650425994415291	1.06514672158468
45	WGN36	1.07904929599998	0.105664938331578	962	0.871688932415288	1.28640965958468
46	WGN36	1.15999999999998	0.105664938331578	962	0.952639636415289	1.36736036358468
47	WGN36	1.14487832499998	0.105664938331577	962	0.93751796141529	1.35223868858468
48	WGN36	1.33036437249998	0.105664938331577	962	1.12300400891529	1.53772473608467
49	WGN36	1.21428571449998	0.105664938331576	962	1.00692535091529	1.42164607808467
51	WGN36	1.72349272349998	0.105664938331578	962	1.51613235991529	1.93085308708468
52	WGN36	0.98913043499998	0.105664938331579	962	0.781770071415282	1.19649079858468
53	WGN36	0.928212851499987	0.105664938331577	962	0.720852487915293	1.13557321508468
54	WGN36	1.06849005449998	0.105664938331579	962	0.861129690915281	1.27585041808468
55	WGN36	1.19041353399998	0.105664938331578	962	0.983053170415288	1.39777389758468
56	WGN36	1.19157509149998	0.105664938331578	962	0.984214727915288	1.39893545508468
57	WGN36	1.25153092449998	0.105664938331577	962	1.04417056091529	1.45889128808468
58	WGN36	1.16883116899998	0.105664938331578	962	0.961470805415287	1.37619153258468
59	WGN36	1.09384615399998	0.105664938331578	962	0.886485790415289	1.30120651758468
60	WGN36	0.960271317499979	0.105664938331579	962	0.752910953915281	1.16763168108468
62	WGN36	1.36285166249998	0.105664938331578	962	1.15549129891529	1.57021202608468
64	WGN36	1.20280682449998	0.105664938331578	962	0.995446460915289	1.41016718808468
65	WGN36	1.15869062449998	0.105664938331579	962	0.951330260915287	1.36605098808468
66	WGN36	0.885964912499977	0.105664938331579	962	0.67860454891528	1.09332527608467
68	WGN36	1.10010958073986	0.149471577380526	962	0.806781622378281	1.39343753910144
69	WGN36	0.811185021739867	0.149471577380523	962	0.517857063378294	1.10451298010144
70	WGN36	0.911488973739856	0.149471577380526	962	0.618161015378279	1.20481693210143
71	WGN36	1.06365740749998	0.105664938331579	962	0.856297043915286	1.27101777108468
72	WGN36	1.14350945849998	0.105664938331579	962	0.936149094915285	1.35086982208468
74	WGN36	1.20570652149998	0.105664938331578	962	0.998346157915288	1.41306688508468
75	WGN36	0.868676310739857	0.149471577380525	962	0.57534835237828	1.16200426910143
76	WGN36	1.06721311499998	0.105664938331578	962	0.859852751415285	1.27457347858468
77	WGN36	1.03853658549998	0.105664938331577	962	0.831176221915289	1.24589694908468
78	WGN36	1.24342105249998	0.105664938331578	962	1.03606068891529	1.45078141608468
79	WGN36	1.00325325299998	0.105664938331578	962	0.795892889415284	1.21061361658468
80	WGN36	1.10478136426011	0.149471577380526	962	0.811453405898529	1.39810932262169
81	WGN36	0.957843136999984	0.105664938331578	962	0.750482773415289	1.16520350058468
82	WGN36	1.08214285699998	0.105664938331578	962	0.874782493415285	1.28950322058468
83	WGN36	1.15404216473986	0.149471577380524	962	0.860714206378284	1.44737012310143
84	WGN36	1.02613636349998	0.105664938331577	962	0.81877599991529	1.23349672708468
85	WGN36	1.19112318799998	0.105664938331577	962	0.983762824415288	1.39848355158468
86	WGN36	1.09154929599998	0.105664938331578	962	0.884188932415287	1.29890965958468
87	WGN36	0.559982390499983	0.105664938331577	962	0.352622026915289	0.767342754084677
88	WGN36	1.06493506499998	0.105664938331578	962	0.857574701415287	1.27229542858468
89	WGN36	1.10027136999998	0.105664938331577	962	0.892911006415287	1.30763173358468
90	WGN36	1.15447761199998	0.105664938331577	962	0.947117248415289	1.36183797558468
92	WGN36	1.13773148149998	0.105664938331578	962	0.930371117915288	1.34509184508468
93	WGN36	0.806314891739859	0.149471577380526	962	0.512986933378281	1.09964285010144
94	WGN36	1.14571092799998	0.105664938331577	962	0.93835056441529	1.35307129158468
95	WGN36	1.01114800749998	0.105664938331578	962	0.803787643915289	1.21850837108468
96	WGN36	1.39246716249998	0.105664938331578	962	1.18510679891529	1.59982752608468
97	WGN36	0.934070896499984	0.105664938331578	962	0.726710532915289	1.14143126008468
98	WGN36	1.34500978449998	0.105664938331578	962	1.13764942091529	1.55237014808468
99	WGN36	0.720157657999987	0.105664938331578	962	0.512797294415292	0.927518021584683
100	WGN36	0.987554112499982	0.105664938331578	962	0.780193748915286	1.19491447608468
102	WGN36	0.850835884260114	0.149471577380523	962	0.557507925898541	1.14416384262169
104	WGN36	1.07692307699998	0.105664938331577	962	0.869562713415289	1.28428344058468
105	WGN36	1.26390131973985	0.149471577380526	962	0.970573361378274	1.55722927810143
106	WGN36	0.991071428499983	0.105664938331578	962	0.783711064915287	1.19843179208468
107	WGN36	0.912313432999984	0.105664938331578	962	0.704953069415288	1.11967379658468
108	WGN36	0.90642311673986	0.149471577380525	962	0.613095158378283	1.19975107510144
109	WGN36	0.984284965999984	0.105664938331578	962	0.776924602415288	1.19164532958468
110	WGN36	0.875615763499982	0.105664938331578	962	0.668255399915286	1.08297612708468
112	WGN36	1.21239761749998	0.105664938331578	962	1.00503725391529	1.41975798108468
114	WGN36	0.946153845999986	0.105664938331578	962	0.738793482415292	1.15351420958468
116	WGN36	0.93328177926011	0.149471577380525	962	0.639953820898534	1.22660973762169
117	WGN36	1.00051975049998	0.105664938331578	962	0.793159386915286	1.20788011408468
118	WGN36	1.00024479799998	0.105664938331578	962	0.792884434415285	1.20760516158468
119	WGN36	1.00223493573986	0.149471577380526	962	0.70890697737828	1.29556289410144
120	WGN36	1.15813060199998	0.105664938331578	962	0.950770238415288	1.36549096558468
121	WGN36	1.21264279099998	0.105664938331578	962	1.00528242741529	1.42000315458468
122	WGN36	1.17066498299998	0.105664938331578	962	0.963304619415288	1.37802534658468
123	WGN36	1.04256965899998	0.105664938331578	962	0.835209295415287	1.24993002258468
124	WGN36	1.13326789499998	0.105664938331578	962	0.925907531415287	1.34062825858468
125	WGN36	1.15656565649998	0.105664938331578	962	0.949205292915287	1.36392602008468
126	WGN36	1.17605586949998	0.105664938331578	962	0.968695505915286	1.38341623308468
127	WGN36	1.08373015899998	0.105664938331578	962	0.876369795415288	1.29109052258468
128	WGN36	1.09488723473986	0.149471577380524	962	0.801559276378283	1.38821519310143
129	WGN36	0.795957835260109	0.149471577380525	962	0.502629876898532	1.08928579362169
130	WGN36	1.16983317849998	0.105664938331578	962	0.962472814915287	1.37719354208468
1	WGN38	1.04256854250001	0.105664938331572	962	0.835208178915327	1.2499289060847
2	WGN38	0.994987468500014	0.105664938331578	962	0.787627104915319	1.20234783208471
3	WGN38	1.2098561177399	0.149471577380527	962	0.916528159378316	1.50318407610147
4	WGN38	0.81727078900001	0.105664938331578	962	0.609910425415314	1.02463115258471
5	WGN38	1.2589445435	0.105664938331577	962	1.05158417991531	1.4663049070847
6	WGN38	0.918833227500017	0.105664938331577	962	0.711472863915324	1.12619359108471
7	WGN38	0.821931589500013	0.105664938331579	962	0.614571225915316	1.02929195308471
8	WGN38	1.15164728700001	0.105664938331578	962	0.944286923415315	1.35900765058471
10	WGN38	1.25701706100002	0.105664938331579	962	1.04965669741532	1.46437742458472
11	WGN38	0.761734472739901	0.149471577380523	962	0.468406514378329	1.05506243110147
12	WGN38	0.782269503500011	0.105664938331579	962	0.574909139915313	0.989629867084709
13	WGN38	1.255244755	0.105664938331576	962	1.04788439141531	1.46260511858469
14	WGN38	1.22463039973988	0.149471577380525	962	0.931302441378308	1.51795835810146
16	WGN38	1.15233816600001	0.105664938331577	962	0.944977802415319	1.35969852958471
18	WGN38	1.06633020900001	0.105664938331577	962	0.858969845415316	1.2736905725847
19	WGN38	0.939984940000012	0.105664938331578	962	0.732624576415317	1.14734530358471
20	WGN38	1.29250370273989	0.149471577380527	962	0.999175744378314	1.58583166110147
21	WGN38	1.34447004600001	0.105664938331578	962	1.13710968241532	1.55183040958471
22	WGN38	1.10089285700001	0.105664938331578	962	0.893532493415314	1.30825322058471
23	WGN38	1.22678571400002	0.105664938331579	962	1.01942535041532	1.43414607758472
24	WGN38	1.23934837050002	0.105664938331579	962	1.03198800691532	1.44670873408471
26	WGN38	1.13522727250002	0.105664938331579	962	0.927866908915319	1.34258763608472
27	WGN38	1.14633534100001	0.105664938331578	962	0.938974977415318	1.35369570458471
28	WGN38	1.37500000000002	0.105664938331578	962	1.16763963641533	1.58236036358472
29	WGN38	1.19303370800002	0.10566493833158	962	0.98567334441532	1.40039407158472
30	WGN38	1.16666666700002	0.105664938331579	962	0.95930630341532	1.37402703058471
32	WGN38	0.952195946000018	0.105664938331577	962	0.744835582415324	1.15955630958471
33	WGN38	0.957260621500011	0.10566493833158	962	0.749900257915312	1.16462098508471
34	WGN38	0.990788281500012	0.105664938331578	962	0.783427917915316	1.19814864508471
35	WGN38	0.969684385500015	0.105664938331579	962	0.762324021915318	1.17704474908471
36	WGN38	0.877463054500011	0.105664938331579	962	0.670102690915313	1.08482341808471
37	WGN38	0.985434873000015	0.105664938331578	962	0.778074509415321	1.19279523658471
38	WGN38	1.39411764700001	0.105664938331577	962	1.18675728341531	1.6014780105847
39	WGN38	1.10937500000001	0.105664938331578	962	0.902014636415316	1.31673536358471
40	WGN38	1.06148148150001	0.105664938331579	962	0.854121117915317	1.26884184508471
41	WGN38	1.13216473226014	0.149471577380525	962	0.838836773898563	1.42549269062172
42	WGN38	1.19504310350001	0.105664938331578	962	0.987682739915317	1.40240346708471
45	WGN38	1.30481457350001	0.105664938331578	962	1.09745420991532	1.51217493708471
46	WGN38	0.930405405500012	0.105664938331579	962	0.723045041915314	1.13776576908471
47	WGN38	0.968518518500013	0.105664938331578	962	0.761158154915317	1.17587888208471
48	WGN38	1.07264610400001	0.105664938331579	962	0.865285740415317	1.28000646758471
49	WGN38	1.25133946173989	0.149471577380525	962	0.958011503378311	1.54466742010147
50	WGN38	1.10940545800002	0.105664938331579	962	0.902045094415319	1.31676582158471
51	WGN38	1.35404216473989	0.149471577380525	962	1.06071420637831	1.64737012310146
52	WGN38	0.972340160000014	0.105664938331578	962	0.764979796415318	1.17970052358471
53	WGN38	1.27314814800001	0.105664938331578	962	1.06578778441532	1.48050851158471
54	WGN38	1.06911057700001	0.105664938331578	962	0.861750213415318	1.27647094058471
55	WGN38	0.939116791739888	0.149471577380526	962	0.645788833378309	1.23244475010147
56	WGN38	1.31587837850002	0.105664938331579	962	1.10851801491532	1.52323874208472
59	WGN38	1.22727272750001	0.105664938331577	962	1.01991236391532	1.43463309108471
61	WGN38	0.972466216000013	0.105664938331578	962	0.765105852415318	1.17982657958471
63	WGN38	1.14049247600001	0.105664938331578	962	0.933132112415317	1.34785283958471
64	WGN38	1.07857142850002	0.105664938331579	962	0.871211064915318	1.28593179208471
65	WGN38	0.916925577260138	0.149471577380525	962	0.623597618898561	1.21025353562172
66	WGN38	0.964911729739886	0.149471577380526	962	0.671583771378309	1.25823968810146
67	WGN38	1.24225444950002	0.105664938331578	962	1.03489408591532	1.44961481308471
68	WGN38	1.22561692150002	0.105664938331578	962	1.01825655791532	1.43297728508471
69	WGN38	0.798355263000012	0.105664938331578	962	0.590994899415316	1.00571562658471
70	WGN38	1.26390131973989	0.149471577380526	962	0.970573361378315	1.55722927810147
72	WGN38	1.23387694600001	0.105664938331578	962	1.02651658241532	1.44123730958471
73	WGN38	1.19548063150001	0.105664938331577	962	0.988120267915318	1.40284099508471
74	WGN38	0.876748834000012	0.105664938331578	962	0.669388470415316	1.08410919758471
76	WGN38	1.12997159100001	0.105664938331578	962	0.92261122741532	1.33733195458471
77	WGN38	1.23689813300001	0.105664938331577	962	1.02953776941532	1.4442584965847
78	WGN38	0.796462192500011	0.105664938331579	962	0.589101828915314	1.00382255608471
80	WGN38	0.920761670500013	0.105664938331578	962	0.713401306915317	1.12812203408471
81	WGN38	1.29686145350001	0.105664938331577	962	1.08950108991532	1.50422181708471
82	WGN38	1.12441477350001	0.105664938331578	962	0.917054409915318	1.33177513708471
83	WGN38	0.959183673500014	0.105664938331578	962	0.751823309915319	1.16654403708471
84	WGN38	1.26892478300002	0.105664938331579	962	1.06156441941532	1.47628514658472
85	WGN38	0.96942677973989	0.149471577380525	962	0.676098821378314	1.26275473810147
86	WGN38	1.35439560450002	0.105664938331578	962	1.14703524091532	1.56175596808471
87	WGN38	0.958753529500015	0.105664938331578	962	0.751393165915319	1.16611389308471
88	WGN38	1.01369863000001	0.105664938331578	962	0.806338266415319	1.22105899358471
89	WGN38	0.929872495500015	0.105664938331578	962	0.722512131915321	1.13723285908471
90	WGN38	1.13662456950001	0.105664938331578	962	0.929264205915318	1.34398493308471
91	WGN38	1.19092827000001	0.105664938331577	962	0.983567906415318	1.39828863358471
92	WGN38	0.922689075500014	0.105664938331578	962	0.715328711915319	1.13004943908471
93	WGN38	1.16752531073989	0.149471577380526	962	0.874197352378312	1.46085326910147
94	WGN38	1.14649350650002	0.105664938331578	962	0.939133142915319	1.35385387008471
95	WGN38	1.11860706900001	0.105664938331578	962	0.911246705415319	1.32596743258471
96	WGN38	1.20707317050001	0.105664938331578	962	0.999712806915318	1.41443353408471
97	WGN38	1.14521863573989	0.149471577380526	962	0.851890677378312	1.43854659410147
98	WGN38	1.24191542300001	0.105664938331578	962	1.03455505941532	1.44927578658471
99	WGN38	1.10798319300001	0.105664938331578	962	0.900622829415319	1.31534355658471
100	WGN38	1.05000000000001	0.105664938331578	962	0.842639636415319	1.25736036358471
101	WGN38	0.989575137500014	0.105664938331578	962	0.782214773915319	1.19693550108471
102	WGN38	1.26149573750001	0.105664938331578	962	1.05413537391532	1.46885610108471
103	WGN38	1.10718870350001	0.105664938331578	962	0.899828339915318	1.31454906708471
104	WGN38	1.17382238473989	0.149471577380526	962	0.880494426378312	1.46715034310147
106	WGN38	1.32641796700001	0.105664938331578	962	1.11905760341532	1.53377833058471
107	WGN38	0.938794591500012	0.105664938331578	962	0.731434227915317	1.14615495508471
108	WGN38	1.18951878700001	0.105664938331578	962	0.982158423415318	1.39687915058471
109	WGN38	1.09061833700001	0.105664938331578	962	0.883257973415318	1.29797870058471
110	WGN38	1.30263157900001	0.105664938331578	962	1.09527121541532	1.50999194258471
111	WGN38	1.42497916100001	0.105664938331578	962	1.21761879741532	1.63233952458471
113	WGN38	1.05194805200001	0.105664938331578	962	0.844587688415318	1.25930841558471
114	WGN38	0.983365949000013	0.105664938331578	962	0.776005585415318	1.19072631258471
115	WGN38	1.07437070950001	0.105664938331578	962	0.867010345915317	1.28173107308471
1	WGN39	0.823558162500016	0.105664938331578	962	0.616197798915321	1.03091852608471
2	WGN39	1.14912146700001	0.10566493833158	962	0.941761103415313	1.35648183058471
3	WGN39	0.948051948000001	0.105664938331579	962	0.740691584415304	1.1554123115847
4	WGN39	1.0825370285	0.105664938331578	962	0.875176664915307	1.2898973920847
5	WGN39	0.717730496500003	0.105664938331577	962	0.510370132915309	0.925090860084698
6	WGN39	0.877025036500001	0.105664938331578	962	0.669664672915306	1.0843854000847
7	WGN39	1.04465283799999	0.105664938331578	962	0.837292474415299	1.25201320158469
8	WGN39	0.881877216739873	0.149471577380525	962	0.588549258378296	1.17520517510145
9	WGN39	0.891542002500004	0.105664938331579	962	0.684181638915307	1.0989023660847
10	WGN39	0.979125897	0.105664938331578	962	0.771765533415305	1.1864862605847
11	WGN39	1.056277056	0.105664938331577	962	0.848916692415302	1.26363741958469
12	WGN39	0.831018518500004	0.105664938331577	962	0.62365815491531	1.0383788820847
13	WGN39	1.107135555	0.105664938331578	962	0.899775191415305	1.3144959185847
14	WGN39	0.643015521	0.105664938331578	962	0.435655157415305	0.850375884584694
15	WGN39	0.990557417000005	0.105664938331579	962	0.783197053415308	1.1979177805847
16	WGN39	0.80625	0.105664938331578	962	0.598889636415304	1.0136103635847
17	WGN39	0.939472276999999	0.105664938331577	962	0.732111913415306	1.14683264058469
18	WGN39	0.808318264000004	0.105664938331578	962	0.600957900415309	1.0156786275847
19	WGN39	0.967029177739871	0.149471577380523	962	0.6737012193783	1.26035713610144
20	WGN39	0.910563903739876	0.149471577380524	962	0.617235945378303	1.20389186210145
21	WGN39	1.2347066165	0.105664938331578	962	1.02734625291531	1.4420669800847
22	WGN39	0.837662337499999	0.105664938331579	962	0.630301973915303	1.0450227010847
24	WGN39	0.777142856999999	0.105664938331578	962	0.569782493415303	0.984503220584695
25	WGN39	0.930795642999995	0.105664938331577	962	0.723435279415301	1.13815600658469
26	WGN39	0.811185021739873	0.149471577380524	962	0.5178570633783	1.10451298010145
27	WGN39	0.931570254739875	0.149471577380523	962	0.638242296378303	1.22489821310145
28	WGN39	0.447967980000003	0.105664938331577	962	0.240607616415309	0.655328343584697
29	WGN39	0.802944862	0.105664938331577	962	0.595584498415306	1.01030522558469
30	WGN39	0.993871297000002	0.105664938331577	962	0.786510933415308	1.2012316605847
31	WGN39	0.983879492499999	0.105664938331578	962	0.776519128915304	1.19123985608469
32	WGN39	0.921578421499998	0.105664938331577	962	0.714218057915305	1.12893878508469
34	WGN39	0.802263251999999	0.105664938331578	962	0.594902888415304	1.0096236155847
35	WGN39	0.726807004500001	0.105664938331577	962	0.519446640915307	0.934167368084694
36	WGN39	0.7445652175	0.105664938331579	962	0.537204853915303	0.951925581084697
37	WGN39	0.949504572999999	0.105664938331578	962	0.742144209415304	1.15686493658469
38	WGN39	0.580907836739872	0.149471577380528	962	0.28757987837829	0.874235795101453
39	WGN39	0.695778563999999	0.105664938331578	962	0.488418200415305	0.903138927584694
40	WGN39	0.887819946999999	0.105664938331578	962	0.680459583415304	1.0951803105847
41	WGN39	0.861171132499999	0.105664938331578	962	0.653810768915303	1.0685314960847
42	WGN39	1.01219153950001	0.105664938331579	962	0.80483117591531	1.21955190308471
43	WGN39	0.954787571499997	0.105664938331576	962	0.747427207915305	1.16214793508469
44	WGN39	0.715725806500001	0.105664938331578	962	0.508365442915305	0.923086170084697
45	WGN39	0.922535211499998	0.105664938331577	962	0.715174847915305	1.12989557508469
46	WGN39	0.521567591260131	0.149471577380524	962	0.228239632898557	0.814895549621705
47	WGN39	0.828160919499999	0.105664938331577	962	0.620800555915306	1.03552128308469
48	WGN39	0.635860346739875	0.149471577380525	962	0.342532388378298	0.929188305101452
49	WGN39	0.900562851499998	0.105664938331577	962	0.693202487915304	1.10792321508469
50	WGN39	0.842931053739876	0.149471577380525	962	0.5496030953783	1.13625901210145
51	WGN39	0.784241531499993	0.105664938331577	962	0.576881167915298	0.991601895084687
52	WGN39	0.720132743499999	0.105664938331577	962	0.512772379915305	0.927493107084693
53	WGN39	0.874632352999999	0.105664938331577	962	0.667271989415305	1.08199271658469
54	WGN39	0.825582953499999	0.105664938331578	962	0.618222589915303	1.03294331708469
55	WGN39	0.826161789999999	0.105664938331579	962	0.618801426415302	1.0335221535847
56	WGN39	0.743515848739874	0.149471577380525	962	0.450187890378298	1.03684380710145
57	WGN39	0.891542164739876	0.149471577380525	962	0.5982142063783	1.18487012310145
58	WGN39	0.667790530999998	0.105664938331578	962	0.460430167415302	0.875150894584694
59	WGN39	0.807692307500002	0.105664938331579	962	0.600331943915305	1.0150526710847
60	WGN39	0.892095856000001	0.105664938331579	962	0.684735492415304	1.0994562195847
61	WGN39	0.820054944999998	0.105664938331578	962	0.612694581415303	1.02741530858469
62	WGN39	0.731601731500001	0.105664938331577	962	0.524241367915306	0.938962095084695
63	WGN39	0.966851595000002	0.105664938331578	962	0.759491231415306	1.1742119585847
64	WGN39	0.816535539500001	0.105664938331579	962	0.609175175915304	1.0238959030847
65	WGN39	0.401781037499989	0.105664938331579	962	0.194420673915291	0.609141401084687
66	WGN39	0.708791208500003	0.105664938331577	962	0.501430844915308	0.916151572084697
67	WGN39	1.0296806	0.105664938331577	962	0.822320236415305	1.23704096358469
68	WGN39	1.14722365826012	0.149471577380525	962	0.853895699898546	1.4405516166217
69	WGN39	0.823902026999998	0.105664938331578	962	0.616541663415302	1.03126239058469
70	WGN39	0.869487247260123	0.149471577380527	962	0.576159288898543	1.1628152056217
71	WGN39	0.8008684865	0.105664938331577	962	0.593508122915307	1.00822885008469
72	WGN39	0.41192937100001	0.105664938331576	962	0.204569007415318	0.619289734584703
73	WGN39	0.937842278499998	0.105664938331577	962	0.730481914915304	1.14520264208469
74	WGN39	0.711323717739873	0.149471577380526	962	0.417995759378294	1.00465167610145
75	WGN39	0.915115005500001	0.105664938331578	962	0.707754641915304	1.1224753690847
76	WGN39	0.785060341499999	0.105664938331578	962	0.577699977915303	0.992420705084696
77	WGN39	0.8029411765	0.105664938331578	962	0.595580812915304	1.0103015400847
78	WGN39	1.1584896585	0.105664938331578	962	0.951129294915305	1.36585002208469
79	WGN39	0.819368549	0.105664938331578	962	0.612008185415305	1.02672891258469
80	WGN39	0.933082963499999	0.105664938331577	962	0.725722599915305	1.14044332708469
81	WGN39	1.1595078935	0.105664938331577	962	0.952147529915302	1.36686825708469
82	WGN39	0.8553752535	0.105664938331578	962	0.648014889915305	1.0627356170847
83	WGN39	0.849665775500001	0.105664938331579	962	0.642305411915303	1.0570261390847
84	WGN39	0.950956937999999	0.105664938331578	962	0.743596574415304	1.15831730158469
85	WGN39	0.964700193499999	0.105664938331578	962	0.757339829915304	1.17206055708469
86	WGN39	0.982613593739875	0.149471577380525	962	0.689285635378298	1.27594155210145
87	WGN39	0.857830552	0.105664938331578	962	0.650470188415305	1.0651909155847
89	WGN39	0.727941176499999	0.105664938331578	962	0.520580812915303	0.935301540084694
90	WGN39	0.976470587999999	0.105664938331577	962	0.769110224415305	1.18383095158469
91	WGN39	0.429651920739874	0.149471577380525	962	0.136323962378297	0.72297987910145
92	WGN39	0.81627907	0.105664938331577	962	0.608918706415305	1.02363943358469
93	WGN39	0.626659856999999	0.105664938331578	962	0.419299493415303	0.834020220584695
94	WGN39	0.783846153999999	0.105664938331578	962	0.576485790415304	0.991206517584695
95	WGN39	1.157040328	0.105664938331578	962	0.949679964415304	1.36440069158469
96	WGN39	0.7954927425	0.105664938331578	962	0.588132378915305	1.00285310608469
97	WGN39	0.731249999999999	0.105664938331578	962	0.523889636415304	0.938610363584694
98	WGN39	0.983168729999998	0.105664938331578	962	0.775808366415303	1.19052909358469
99	WGN39	0.691680960499999	0.105664938331578	962	0.484320596915304	0.899041324084694
100	WGN39	0.7014356435	0.105664938331578	962	0.494075279915305	0.908796007084695
101	WGN39	0.819117646999999	0.105664938331578	962	0.611757283415304	1.02647801058469
102	WGN39	0.8202265375	0.105664938331578	962	0.612866173915305	1.02758690108469
104	WGN39	0.788235293999999	0.105664938331578	962	0.580874930415304	0.995595657584695
106	WGN39	0.611168830999999	0.105664938331578	962	0.403808467415304	0.818529194584695
107	WGN39	0.964246246739875	0.149471577380525	962	0.670918288378299	1.25757420510145
108	WGN39	1.0339737585	0.105664938331578	962	0.826613394915305	1.24133412208469
109	WGN39	0.768990825499999	0.105664938331578	962	0.561630461915303	0.976351189084695
110	WGN39	0.809247946	0.105664938331578	962	0.601887582415305	1.01660830958469
111	WGN39	0.9215686275	0.105664938331578	962	0.714208263915305	1.1289289910847
112	WGN39	0.978488372	0.105664938331578	962	0.771128008415305	1.18584873558469
113	WGN39	0.826863354	0.105664938331578	962	0.619502990415305	1.03422371758469
114	WGN39	0.715946926739876	0.149471577380525	962	0.4226189683783	1.00927488510145
115	WGN39	0.973587674499999	0.105664938331578	962	0.766227310915304	1.18094803808469
116	WGN39	0.979988844	0.105664938331578	962	0.772628480415304	1.18734920758469
117	WGN39	0.53021978	0.105664938331578	962	0.322859416415305	0.737580143584695
118	WGN39	0.8523715115	0.105664938331578	962	0.645011147915305	1.05973187508469
120	WGN39	0.980384065260124	0.149471577380525	962	0.687056106898547	1.2737120236217
121	WGN39	0.642590286	0.105664938331578	962	0.435229922415305	0.849950649584695
122	WGN39	0.737852665	0.105664938331578	962	0.530492301415305	0.945213028584695
123	WGN39	0.8333333335	0.105664938331578	962	0.625972969915305	1.04069369708469
124	WGN39	0.817314022	0.105664938331578	962	0.609953658415305	1.02467438558469
125	WGN39	0.886064699499999	0.105664938331578	962	0.678704335915304	1.09342506308469
126	WGN39	0.611215432	0.105664938331578	962	0.403855068415304	0.818575795584695
127	WGN39	0.374137931	0.105664938331578	962	0.166777567415305	0.581498294584695
128	WGN39	0.6303630365	0.105664938331578	962	0.423002672915305	0.837723400084695
129	WGN39	0.045957835260125	0.149471577380525	962	-0.247370123101452	0.339285793621702
130	WGN39	0.82902439	0.105664938331578	962	0.621664026415304	1.03638475358469
1	WGN45	1.16452702700005	0.105664938331583	962	0.957166663415345	1.37188739058476
2	WGN45	1.24981467750002	0.105664938331578	962	1.04245431391532	1.45717504108471
3	WGN45	1.00050329026014	0.149471577380524	962	0.707175331898562	1.29383124862171
4	WGN45	1.22725404200002	0.10566493833158	962	1.01989367841532	1.43461440558472
5	WGN45	1.23707734150002	0.105664938331578	962	1.02971697791532	1.44443770508471
6	WGN45	0.98288288250002	0.105664938331579	962	0.775522518915322	1.19024324608472
7	WGN45	0.960326087000006	0.105664938331579	962	0.752965723415308	1.1676864505847
8	WGN45	0.9307863507399	0.149471577380525	962	0.637458392378324	1.22411430910148
9	WGN45	1.47349624100001	0.105664938331578	962	1.26613587741531	1.6808566045847
10	WGN45	1.14715909100001	0.105664938331578	962	0.939798727415316	1.35451945458471
11	WGN45	1.01268115950002	0.105664938331578	962	0.805320795915321	1.22004152308471
12	WGN45	1.01733330373989	0.149471577380523	962	0.724005345378319	1.31066126210146
13	WGN45	1.17893835600001	0.105664938331579	962	0.971577992415311	1.38629871958471
14	WGN45	0.978432408739882	0.149471577380524	962	0.685104450378307	1.27176036710146
15	WGN45	1.49351584873987	0.149471577380525	962	1.2001878903783	1.78684380710145
16	WGN45	1.15634674900001	0.105664938331579	962	0.948986385415313	1.36370711258471
17	WGN45	1.23486024850002	0.105664938331578	962	1.02749988491532	1.44222061208471
18	WGN45	0.922689075500016	0.105664938331578	962	0.715328711915319	1.13004943908471
19	WGN45	1.04815981173989	0.149471577380525	962	0.754831853378312	1.34148777010146
20	WGN45	1.27543859650001	0.105664938331576	962	1.06807823291532	1.4827989600847
22	WGN45	1.31780776800001	0.105664938331578	962	1.11044740441532	1.52516813158471
23	WGN45	0.932830012000012	0.105664938331578	962	0.725469648415316	1.14019037558471
24	WGN45	1.29417293250001	0.105664938331577	962	1.08681256891532	1.50153329608471
25	WGN45	0.796348314500008	0.105664938331579	962	0.588987950915311	1.00370867808471
26	WGN45	1.30813953500001	0.105664938331577	962	1.10077917141532	1.5154998985847
28	WGN45	1.12716450200001	0.105664938331578	962	0.919804138415319	1.33452486558471
29	WGN45	1.16813186850002	0.105664938331578	962	0.960771504915322	1.37549223208471
31	WGN45	1.07875457850002	0.105664938331578	962	0.871394214915321	1.28611494208471
32	WGN45	1.27838212050002	0.105664938331578	962	1.07102175691532	1.48574248408471
33	WGN45	1.89889901126014	0.149471577380525	962	1.60557105289856	2.19222696962171
34	WGN45	1.21461538450001	0.105664938331576	962	1.00725502091532	1.42197574808471
35	WGN45	1.07916666650001	0.105664938331578	962	0.871806302915318	1.28652703008471
36	WGN45	0.846899307739893	0.149471577380524	962	0.553571349378319	1.14022726610147
37	WGN45	1.11956521750001	0.105664938331579	962	0.912204853915316	1.32692558108471
38	WGN45	1.25924075950002	0.105664938331578	962	1.05188039591532	1.46660112308471
40	WGN45	1.19707297500001	0.105664938331577	962	0.989712611415319	1.40443333858471
41	WGN45	1.29263746500001	0.105664938331577	962	1.08527710141532	1.4999978285847
42	WGN45	0.711617922739888	0.149471577380526	962	0.418289964378311	1.00494588110147
43	WGN45	1.01559454200001	0.105664938331578	962	0.808234178415317	1.22295490558471
44	WGN45	0.945517241500016	0.105664938331577	962	0.738156877915322	1.15287760508471
45	WGN45	1.40131578950002	0.105664938331578	962	1.19395542591532	1.60867615308471
46	WGN45	1.22303370800001	0.105664938331578	962	1.01567334441532	1.43039407158471
47	WGN45	1.37711908773989	0.149471577380524	962	1.08379112937831	1.67044704610146
48	WGN45	1.01678118400002	0.105664938331578	962	0.809420820415321	1.22414154758471
49	WGN45	1.29139156273989	0.149471577380525	962	0.998063604378315	1.58471952110147
50	WGN45	1.15450310600002	0.105664938331577	962	0.947142742415321	1.36186346958471
52	WGN45	1.11832564300001	0.105664938331578	962	0.910965279415316	1.32568600658471
53	WGN45	1.08419117650002	0.105664938331578	962	0.876830812915321	1.29155154008471
54	WGN45	0.81844894473989	0.149471577380525	962	0.525120986378315	1.11177690310147
55	WGN45	1.13340659350002	0.105664938331578	962	0.92604622991532	1.34076695708471
56	WGN45	1.49820574200001	0.105664938331577	962	1.29084537841532	1.7055661055847
57	WGN45	1.10622529650001	0.105664938331578	962	0.898864932915318	1.31358566008471
58	WGN45	1.06677901800002	0.105664938331577	962	0.859418654415323	1.27413938158471
59	WGN45	1.20461309500002	0.105664938331578	962	0.997252731415324	1.41197345858471
60	WGN45	0.756484151260148	0.149471577380524	962	0.463156192898574	1.04981210962172
61	WGN45	0.781628371739892	0.149471577380525	962	0.488300413378316	1.07495633010147
62	WGN45	1.13988585900002	0.105664938331579	962	0.932525495415318	1.34724622258471
64	WGN45	1.22285714300002	0.105664938331577	962	1.01549677941532	1.43021750658471
65	WGN45	0.89906832300002	0.105664938331577	962	0.691707959415326	1.10642868658471
66	WGN45	1.14378882000001	0.105664938331578	962	0.93642845641532	1.35114918358471
67	WGN45	1.10472709673989	0.149471577380526	962	0.811399138378314	1.39805505510147
68	WGN45	1.03523809500002	0.105664938331578	962	0.827877731415321	1.24259845858471
69	WGN45	1.06548856550001	0.105664938331577	962	0.85812820191532	1.27284892908471
71	WGN45	1.13504330450001	0.105664938331578	962	0.927682940915317	1.34240366808471
72	WGN45	0.891542164739887	0.149471577380526	962	0.598214206378308	1.18487012310147
73	WGN45	1.37452926426014	0.149471577380525	962	1.08120130589856	1.66785722262172
74	WGN45	1.13582286850002	0.105664938331578	962	0.92846250491532	1.34318323208471
75	WGN45	1.02616050350001	0.105664938331577	962	0.818800139915319	1.23352086708471
76	WGN45	1.11785714300002	0.105664938331578	962	0.91049677941532	1.32521750658471
77	WGN45	0.967834229500016	0.105664938331577	962	0.760473865915322	1.17519459308471
78	WGN45	1.47404216473989	0.149471577380525	962	1.18071420637832	1.76737012310147
80	WGN45	1.39298245600002	0.105664938331578	962	1.18562209241532	1.60034281958471
81	WGN45	0.985031512500015	0.105664938331578	962	0.777671148915319	1.19239187608471
82	WGN45	1.01488095250002	0.105664938331577	962	0.807520588915321	1.22224131608471
84	WGN45	1.16555642600001	0.105664938331578	962	0.958196062415319	1.37291678958471
85	WGN45	0.786698576260137	0.149471577380525	962	0.49337061789856	1.08002653462171
86	WGN45	1.27998088850002	0.105664938331578	962	1.07262052491532	1.48734125208471
87	WGN45	0.701923077000014	0.105664938331578	962	0.494562713415319	0.909283440584709
88	WGN45	1.39285714300001	0.105664938331578	962	1.18549677941532	1.60021750658471
89	WGN45	1.25788146300002	0.105664938331578	962	1.05052109941532	1.46524182658471
90	WGN45	1.10924897426014	0.149471577380524	962	0.815921015898563	1.40257693262171
92	WGN45	1.21654411750002	0.105664938331578	962	1.00918375391532	1.42390448108471
93	WGN45	1.02380952400001	0.105664938331578	962	0.816449160415319	1.23116988758471
94	WGN45	0.913352272500014	0.105664938331578	962	0.705991908915319	1.12071263608471
95	WGN45	1.06515327573989	0.149471577380525	962	0.771825317378315	1.35848123410147
96	WGN45	1.11685888750002	0.105664938331578	962	0.909498523915321	1.32421925108471
98	WGN45	0.801948052000015	0.105664938331578	962	0.59458768841532	1.00930841558471
99	WGN45	1.02866903073989	0.149471577380525	962	0.735341072378313	1.32199698910147
100	WGN45	1.07440029950002	0.105664938331577	962	0.867039935915321	1.28176066308471
101	WGN45	0.940105334000015	0.105664938331578	962	0.73274497041532	1.14746569758471
102	WGN45	0.931438127500013	0.105664938331578	962	0.724077763915316	1.13879849108471
103	WGN45	0.787134306260139	0.149471577380525	962	0.493806347898562	1.08046226462172
104	WGN45	1.42000000000002	0.105664938331578	962	1.21263963641532	1.62736036358471
105	WGN45	0.846912299000012	0.105664938331578	962	0.639551935415316	1.05427266258471
106	WGN45	1.20528455300001	0.105664938331577	962	0.99792418941532	1.41264491658471
107	WGN45	1.08799497200001	0.105664938331578	962	0.880634608415319	1.29535533558471
108	WGN45	0.950772201000014	0.105664938331578	962	0.743411837415318	1.15813256458471
109	WGN45	1.22246127350002	0.105664938331578	962	1.01510090991532	1.42982163708471
110	WGN45	0.807289393500015	0.105664938331578	962	0.59992902991532	1.01464975708471
111	WGN45	0.993646124739892	0.149471577380525	962	0.700318166378316	1.28697408310147
112	WGN45	0.638824773739894	0.149471577380525	962	0.345496815378318	0.93215273210147
113	WGN45	0.985859728500015	0.105664938331578	962	0.77849936491532	1.19322009208471
114	WGN45	1.45404216473989	0.149471577380526	962	1.16071420637831	1.74737012310147
115	WGN45	0.540249061739889	0.149471577380526	962	0.246921103378311	0.833577020101466
116	WGN45	0.876123235000013	0.105664938331578	962	0.668762871415318	1.08348359858471
117	WGN45	0.964911729739891	0.149471577380525	962	0.671583771378314	1.25823968810147
118	WGN45	0.87168922373989	0.149471577380525	962	0.578361265378314	1.16501718210147
119	WGN45	0.987615347000014	0.105664938331578	962	0.780254983415318	1.19497571058471
120	WGN45	1.00649350650002	0.105664938331578	962	0.799133142915321	1.21385387008471
121	WGN45	1.21516276450002	0.105664938331578	962	1.00780240091532	1.42252312808471
122	WGN45	1.00075239400002	0.105664938331578	962	0.793392030415321	1.20811275758471
123	WGN45	1.32459229050002	0.105664938331578	962	1.11723192691532	1.53195265408471
124	WGN45	1.51376488100002	0.105664938331578	962	1.30640451741532	1.72112524458471
126	WGN45	1.22394957950002	0.105664938331578	962	1.01658921591532	1.43130994308471
127	WGN45	1.03105413100001	0.105664938331578	962	0.82369376741532	1.23841449458471
128	WGN45	1.31026315800001	0.105664938331578	962	1.10290279441532	1.51762352158471
129	WGN45	1.27555321400001	0.105664938331578	962	1.06819285041532	1.48291357758471
130	WGN45	1.08917729973989	0.149471577380525	962	0.795849341378314	1.38250525810147
1	WGN46	1.03671155199998	0.10566493833158	962	0.829351188415278	1.24407191558468
2	WGN46	1.1675101215	0.105664938331578	962	0.960149757915302	1.37487048508469
3	WGN46	1.28207710000001	0.105664938331578	962	1.07471673641531	1.4894374635847
4	WGN46	1.39066188273989	0.149471577380527	962	1.09733392437831	1.68398984110147
6	WGN46	1.13714075673988	0.149471577380524	962	0.8438127983783	1.43046871510145
7	WGN46	1.00715102950001	0.105664938331577	962	0.799790665915312	1.2145113930847
8	WGN46	0.881400873260119	0.149471577380525	962	0.588072914898541	1.1747288316217
9	WGN46	1.168349072	0.105664938331579	962	0.960988708415305	1.3757094355847
10	WGN46	0.961370407499999	0.105664938331579	962	0.754010043915301	1.1687307710847
11	WGN46	0.874608819000001	0.105664938331578	962	0.667248455415305	1.0819691825847
12	WGN46	0.970930232500012	0.105664938331576	962	0.76356986891532	1.1782905960847
13	WGN46	1.0297482835	0.105664938331578	962	0.822387919915303	1.23710864708469
14	WGN46	1.0778032035	0.105664938331579	962	0.870442839915306	1.2851635670847
15	WGN46	1.0959752325	0.105664938331578	962	0.888614868915308	1.3033355960847
16	WGN46	0.979498164000005	0.105664938331577	962	0.772137800415311	1.1868585275847
17	WGN46	1.15997191	0.105664938331578	962	0.952611546415308	1.3673322735847
18	WGN46	1.261295681	0.105664938331578	962	1.05393531741531	1.4686560445847
19	WGN46	1.075342466	0.105664938331577	962	0.867982102415306	1.28270282958469
20	WGN46	0.801100988739871	0.149471577380527	962	0.50777303037829	1.09442894710145
21	WGN46	1.03279994026013	0.149471577380524	962	0.739471981898556	1.3261278986217
22	WGN46	0.929792979500004	0.105664938331577	962	0.722432615915309	1.1371533430847
23	WGN46	1.201252236	0.105664938331577	962	0.993891872415306	1.40861259958469
24	WGN46	1.1678748965	0.105664938331577	962	0.960514532915306	1.37523526008469
25	WGN46	1.18409090900001	0.105664938331578	962	0.976730545415311	1.3914512725847
26	WGN46	1.13846153850001	0.105664938331578	962	0.931101174915311	1.3458219020847
27	WGN46	0.801868251739878	0.149471577380525	962	0.508540293378302	1.09519621010146
28	WGN46	1.35885167500001	0.105664938331578	962	1.15149131141531	1.5662120385847
29	WGN46	1.0326492535	0.105664938331578	962	0.825288889915306	1.2400096170847
30	WGN46	1.134914078	0.105664938331577	962	0.927553714415307	1.34227444158469
31	WGN46	0.941847042739872	0.149471577380527	962	0.648519084378292	1.23517500110145
32	WGN46	1.247102213	0.105664938331577	962	1.03974184941531	1.4544625765847
33	WGN46	0.915650406500002	0.105664938331578	962	0.708290042915307	1.1230107700847
34	WGN46	1.064538677	0.105664938331578	962	0.857178313415308	1.2718990405847
36	WGN46	1.1609836065	0.105664938331578	962	0.953623242915307	1.3683439700847
37	WGN46	1.0843137255	0.105664938331577	962	0.876953361915307	1.2916740890847
38	WGN46	1.0340718105	0.105664938331578	962	0.826711446915308	1.2414321740847
39	WGN46	1.22452926426012	0.149471577380523	962	0.931201305898549	1.51785722262169
40	WGN46	1.28315608873988	0.149471577380526	962	0.989828130378304	1.57648404710146
41	WGN46	0.900349650500004	0.105664938331577	962	0.69298928691531	1.1077100140847
42	WGN46	0.984345194739876	0.149471577380526	962	0.691017236378296	1.27767315310145
43	WGN46	0.869747898999997	0.105664938331579	962	0.662387535415299	1.0771082625847
44	WGN46	1.47516892573989	0.149471577380526	962	1.18184096737831	1.76849688410146
45	WGN46	0.793043478500004	0.105664938331578	962	0.585683114915308	1.0004038420847
46	WGN46	1.095609756	0.105664938331577	962	0.888249392415308	1.30297011958469
47	WGN46	0.904494382000002	0.105664938331578	962	0.697134018415307	1.1118547455847
48	WGN46	1.0662020905	0.105664938331577	962	0.85884172691531	1.2735624540847
49	WGN46	1.0198863635	0.105664938331577	962	0.812525999915308	1.2272467270847
50	WGN46	0.952518204000004	0.105664938331577	962	0.74515784041531	1.1598785675847
52	WGN46	1.1282336035	0.105664938331578	962	0.920873239915307	1.3355939670847
53	WGN46	1.49949670973988	0.149471577380525	962	1.2061687513783	1.79282466810146
54	WGN46	1.0904761905	0.105664938331578	962	0.883115826915308	1.2978365540847
55	WGN46	1.27404216473988	0.149471577380525	962	0.9807142063783	1.56737012310145
56	WGN46	1.082069829	0.105664938331578	962	0.874709465415307	1.2894301925847
57	WGN46	0.982142857000005	0.105664938331577	962	0.774782493415311	1.1895032205847
58	WGN46	1.33072916650001	0.105664938331578	962	1.12336880291531	1.5380895300847
59	WGN46	1.2302377	0.105664938331577	962	1.0228773364153	1.43759806358469
60	WGN46	1.0357142855	0.105664938331577	962	0.828353921915304	1.24307464908469
61	WGN46	1.24748490950001	0.105664938331578	962	1.04012454591531	1.4548452730847
62	WGN46	1.248251748	0.105664938331577	962	1.0408913844153	1.45561211158469
63	WGN46	1.1325757575	0.105664938331577	962	0.925215393915307	1.33993612108469
64	WGN46	0.958823529500002	0.105664938331578	962	0.751463165915306	1.1661838930847
65	WGN46	1.194751609	0.105664938331577	962	0.987391245415306	1.4021119725847
66	WGN46	0.943820225000003	0.105664938331578	962	0.736459861415308	1.1511805885847
67	WGN46	0.986256342260123	0.149471577380526	962	0.692928383898546	1.2795843006217
68	WGN46	1.0624155895	0.105664938331578	962	0.855055225915308	1.2697759530847
69	WGN46	0.886250886000004	0.105664938331577	962	0.67889052241531	1.0936112495847
70	WGN46	1.0785714285	0.105664938331577	962	0.871211064915308	1.28593179208469
71	WGN46	0.862471161000006	0.105664938331577	962	0.655110797415312	1.0698315245847
72	WGN46	1.3118421055	0.105664938331578	962	1.10448174191531	1.5192024690847
73	WGN46	1.225036049	0.105664938331578	962	1.01767568541531	1.4323964125847
74	WGN46	1.369419643	0.105664938331578	962	1.16205927941531	1.5767800065847
75	WGN46	1.241949831	0.105664938331578	962	1.03458946741531	1.4493101945847
76	WGN46	0.952965709000006	0.105664938331578	962	0.745605345415312	1.1603260725847
78	WGN46	0.849425287000005	0.105664938331577	962	0.64206492341531	1.0567856505847
79	WGN46	0.823700990500002	0.105664938331578	962	0.616340626915306	1.0310613540847
80	WGN46	0.944957914000002	0.105664938331578	962	0.737597550415307	1.1523182775847
81	WGN46	1.09612462	0.105664938331577	962	0.888764256415309	1.3034849835847
82	WGN46	0.966666666500004	0.105664938331577	962	0.759306302915309	1.1740270300847
83	WGN46	0.822761194000003	0.105664938331578	962	0.615400830415308	1.0301215575847
84	WGN46	1.3770833335	0.105664938331578	962	1.16972296991531	1.5844436970847
85	WGN46	1.092857143	0.105664938331578	962	0.885496779415307	1.3002175065847
86	WGN46	1.004950495	0.105664938331578	962	0.797590131415308	1.2123108585847
87	WGN46	1.337637548	0.105664938331578	962	1.13027718441531	1.5449979115847
88	WGN46	1.017210145	0.105664938331578	962	0.809849781415306	1.2245705085847
89	WGN46	0.852002164500003	0.105664938331578	962	0.644641800915308	1.0593625280847
90	WGN46	0.958226100000003	0.105664938331578	962	0.750865736415308	1.1655864635847
91	WGN46	1.1753196435	0.105664938331578	962	0.967959279915307	1.3826800070847
92	WGN46	0.922602739500003	0.105664938331577	962	0.715242375915309	1.1299631030847
93	WGN46	1.1937381405	0.105664938331578	962	0.986377776915307	1.4010985040847
94	WGN46	1.235973315	0.105664938331578	962	1.02861295141531	1.4433336785847
95	WGN46	1.407682513	0.105664938331578	962	1.20032214941531	1.6150428765847
96	WGN46	1.1606325425	0.105664938331578	962	0.953272178915307	1.3679929060847
98	WGN46	1.017530488	0.105664938331578	962	0.810170124415307	1.2248908515847
101	WGN46	1.4125	0.105664938331577	962	1.2051396364153	1.61986036358469
102	WGN46	1.158139535	0.105664938331578	962	0.950779171415307	1.3654998985847
103	WGN46	1.0653461305	0.105664938331578	962	0.857985766915308	1.2727064940847
104	WGN46	0.798427992000002	0.105664938331578	962	0.591067628415306	1.0057883555847
106	WGN46	1.12795520773988	0.149471577380525	962	0.834627249378302	1.42128316610146
107	WGN46	0.964568480739878	0.149471577380525	962	0.671240522378301	1.25789643910145
108	WGN46	0.738195912500002	0.105664938331578	962	0.530835548915307	0.945556276084698
109	WGN46	1.051692756	0.105664938331578	962	0.844332392415308	1.2590531195847
110	WGN46	1.0694603905	0.105664938331578	962	0.862100026915307	1.2768207540847
111	WGN46	0.896103896000003	0.105664938331578	962	0.688743532415308	1.1034642595847
112	WGN46	1.2154411765	0.105664938331578	962	1.00808081291531	1.4228015400847
113	WGN46	1.1537525355	0.105664938331578	962	0.946392171915308	1.3611128990847
114	WGN46	1.0299850075	0.105664938331578	962	0.822624643915307	1.2373453710847
115	WGN46	1.3226744185	0.105664938331578	962	1.11531405491531	1.5300347820847
116	WGN46	1.192894737	0.105664938331578	962	0.985534373415307	1.4002551005847
117	WGN46	0.905293832000003	0.105664938331578	962	0.697933468415308	1.1126541955847
118	WGN46	0.997425629500002	0.105664938331578	962	0.790065265915307	1.2047859930847
119	WGN46	0.922504026000003	0.105664938331578	962	0.715143662415308	1.1298643895847
120	WGN46	0.851238426739878	0.149471577380525	962	0.557910468378302	1.14456638510145
121	WGN46	1.235985986	0.105664938331578	962	1.02862562241531	1.4433463495847
122	WGN46	1.203076923	0.105664938331578	962	0.995716559415307	1.4104372865847
123	WGN46	1.0610763455	0.105664938331578	962	0.853715981915307	1.2684367090847
124	WGN46	1.2533518845	0.105664938331578	962	1.04599152091531	1.4607122480847
125	WGN46	1.238556338	0.105664938331578	962	1.03119597441531	1.4459167015847
126	WGN46	1.031724138	0.105664938331578	962	0.824363774415307	1.2390845015847
127	WGN46	0.988524923739878	0.149471577380525	962	0.695196965378302	1.28185288210145
128	WGN46	1.156462585	0.105664938331578	962	0.949102221415307	1.3638229485847
129	WGN46	1.0367476105	0.105664938331578	962	0.829387246915307	1.2441079740847
130	WGN46	1.087217514	0.105664938331578	962	0.879857150415307	1.2945778775847
1	WGN55	0.862612612499973	0.105664938331577	962	0.655252248915279	1.06997297608467
2	WGN55	1.0855637515	0.105664938331579	962	0.878203387915308	1.2929241150847
3	WGN55	0.764852975739877	0.149471577380524	962	0.471525017378303	1.05818093410145
4	WGN55	0.612287160500001	0.105664938331578	962	0.404926796915305	0.819647524084697
5	WGN55	0.765806870739867	0.149471577380525	962	0.472478912378291	1.05913482910144
6	WGN55	0.606216077739877	0.149471577380526	962	0.312888119378299	0.899544036101455
7	WGN55	0.999999999999998	0.105664938331578	962	0.792639636415302	1.20736036358469
8	WGN55	1.04074702900001	0.105664938331578	962	0.83338666541531	1.2481073925847
9	WGN55	0.967555678739869	0.149471577380524	962	0.674227720378295	1.26088363710144
10	WGN55	1.0495258165	0.105664938331578	962	0.842165452915304	1.25688618008469
11	WGN55	0.787778366999999	0.105664938331578	962	0.580418003415302	0.995138730584695
12	WGN55	0.978691020000002	0.105664938331578	962	0.771330656415306	1.1860513835847
13	WGN55	1.1459375	0.105664938331578	962	0.938577136415305	1.3532978635847
14	WGN55	1.081521739	0.105664938331578	962	0.874161375415305	1.2888821025847
15	WGN55	1.21720005973988	0.149471577380526	962	0.923872101378302	1.51052801810146
16	WGN55	0.911978221500002	0.105664938331577	962	0.70461785791531	1.1193385850847
17	WGN55	1.21954023000001	0.105664938331578	962	1.01217986641531	1.4269005935847
18	WGN55	1.0535714285	0.105664938331578	962	0.846211064915301	1.26093179208469
19	WGN55	1.0055938035	0.105664938331577	962	0.798233439915302	1.21295416708469
20	WGN55	0.829090908999998	0.105664938331579	962	0.621730545415302	1.0364512725847
21	WGN55	0.9556962025	0.105664938331579	962	0.748335838915303	1.1630565660847
22	WGN55	0.910714286000001	0.105664938331577	962	0.703353922415307	1.11807464958469
23	WGN55	0.975420168000001	0.105664938331578	962	0.768059804415304	1.1827805315847
24	WGN55	0.976809954499997	0.105664938331577	962	0.769449590915303	1.18417031808469
25	WGN55	1.172584131	0.105664938331578	962	0.965223767415302	1.37994449458469
26	WGN55	0.873546511499998	0.105664938331578	962	0.666186147915303	1.08090687508469
27	WGN55	0.809908999	0.105664938331578	962	0.602548635415305	1.01726936258469
28	WGN55	1.10788831873987	0.149471577380525	962	0.814560360378291	1.40121627710144
29	WGN55	0.920244107999999	0.105664938331577	962	0.712883744415305	1.12760447158469
30	WGN55	0.660417684500005	0.105664938331577	962	0.453057320915311	0.867778048084699
31	WGN55	0.966605596499998	0.105664938331577	962	0.759245232915304	1.17396596008469
32	WGN55	1.046875	0.105664938331578	962	0.839514636415303	1.25423536358469
33	WGN55	1.10416666700001	0.105664938331578	962	0.896806303415309	1.3115270305847
34	WGN55	0.870922905999999	0.105664938331577	962	0.663562542415305	1.07828326958469
35	WGN55	0.979166666499998	0.105664938331578	962	0.771806302915302	1.18652703008469
36	WGN55	1.0258479385	0.105664938331577	962	0.818487574915304	1.23320830208469
37	WGN55	1.0085714285	0.105664938331577	962	0.801211064915304	1.21593179208469
38	WGN55	0.840075482260121	0.149471577380525	962	0.546747523898544	1.1334034406217
40	WGN55	1.016888298	0.105664938331578	962	0.809527934415305	1.22424866158469
41	WGN55	0.693103448499999	0.105664938331578	962	0.485743084915303	0.900463812084694
42	WGN55	1.048160173	0.105664938331578	962	0.840799809415305	1.2555205365847
43	WGN55	0.868634886499999	0.105664938331578	962	0.661274522915304	1.07599525008469
44	WGN55	1.120422535	0.105664938331578	962	0.913062171415304	1.3277828985847
45	WGN55	0.467749641499996	0.105664938331578	962	0.260389277915299	0.675110005084692
46	WGN55	0.858804069739875	0.149471577380525	962	0.565476111378299	1.15213202810145
47	WGN55	0.682611505999998	0.105664938331578	962	0.475251142415303	0.889971869584694
48	WGN55	0.806285178499999	0.105664938331578	962	0.598924814915305	1.01364554208469
49	WGN55	0.690937663999998	0.105664938331578	962	0.483577300415302	0.898298027584694
50	WGN55	0.659429280500001	0.105664938331578	962	0.452068916915306	0.866789644084696
52	WGN55	0.946428571500001	0.105664938331578	962	0.739068207915305	1.1537889350847
53	WGN55	0.746153846000001	0.105664938331577	962	0.538793482415308	0.953514209584695
54	WGN55	1.0116978605	0.105664938331578	962	0.804337496915305	1.2190582240847
55	WGN55	0.990291261999998	0.105664938331577	962	0.782930898415304	1.19765162558469
56	WGN55	0.949150786999993	0.105664938331578	962	0.741790423415298	1.15651115058469
57	WGN55	1.04595783526013	0.149471577380526	962	0.752629876898547	1.3392857936217
58	WGN55	0.781628371739874	0.149471577380525	962	0.488300413378296	1.07495633010145
59	WGN55	0.983881578999997	0.105664938331577	962	0.776521215415302	1.19124194258469
60	WGN55	0.944096385499996	0.105664938331577	962	0.736736021915302	1.15145674908469
61	WGN55	1.32904216473988	0.149471577380526	962	1.0357142063783	1.62237012310146
62	WGN55	0.753333333499999	0.105664938331577	962	0.545972969915305	0.960693697084694
63	WGN55	0.9723214285	0.105664938331578	962	0.764961064915305	1.17968179208469
64	WGN55	0.415940766499998	0.105664938331578	962	0.208580402915302	0.623301130084693
65	WGN55	0.7064251535	0.105664938331577	962	0.499064789915306	0.913785517084695
66	WGN55	0.744536182500001	0.105664938331578	962	0.537175818915306	0.951896546084696
67	WGN55	0.734864082739875	0.149471577380525	962	0.441536124378298	1.02819204110145
68	WGN55	0.556315789499995	0.105664938331578	962	0.348955425915299	0.763676153084691
69	WGN55	0.893360160999998	0.105664938331578	962	0.685999797415304	1.10072052458469
70	WGN55	0.903409253739882	0.149471577380525	962	0.610081295378306	1.19673721210146
71	WGN55	0.904660372	0.105664938331578	962	0.697300008415305	1.1120207355847
72	WGN55	0.8943850265	0.105664938331578	962	0.687024662915304	1.1017453900847
73	WGN55	1.0328409805	0.105664938331578	962	0.825480616915304	1.24020134408469
74	WGN55	0.659924517739876	0.149471577380525	962	0.366596559378299	0.953252476101453
75	WGN55	0.777138157999999	0.105664938331578	962	0.569777794415304	0.984498521584694
76	WGN55	0.852688171999999	0.105664938331578	962	0.645327808415304	1.06004853558469
77	WGN55	1.11118502173988	0.149471577380525	962	0.817857063378301	1.40451298010145
78	WGN55	0.626179702500001	0.105664938331577	962	0.418819338915307	0.833540066084696
80	WGN55	1.2065822785	0.105664938331577	962	0.999221914915301	1.41394264208469
81	WGN55	0.599665246500003	0.105664938331577	962	0.392304882915309	0.807025610084697
82	WGN55	0.936899038499999	0.105664938331577	962	0.729538674915304	1.14425940208469
83	WGN55	1.119175627	0.105664938331578	962	0.911815263415305	1.3265359905847
84	WGN55	1.00055379273988	0.149471577380525	962	0.7072258343783	1.29388175110145
85	WGN55	0.928051948	0.105664938331578	962	0.720691584415304	1.1354123115847
86	WGN55	1.1923737545	0.105664938331578	962	0.985013390915303	1.39973411808469
87	WGN55	0.685267856999999	0.105664938331578	962	0.477907493415304	0.892628220584694
88	WGN55	0.508968058999998	0.105664938331578	962	0.301607695415303	0.716328422584693
89	WGN55	1.36547619049999	0.105664938331577	962	1.1581158269153	1.57283655408469
90	WGN55	0.7910329845	0.105664938331578	962	0.583672620915304	0.998393348084696
91	WGN55	0.942277458739874	0.149471577380525	962	0.648949500378298	1.23560541710145
92	WGN55	0.8176201375	0.105664938331577	962	0.610259773915305	1.02498050108469
93	WGN55	0.351100988739877	0.149471577380525	962	0.0577730303783007	0.644428947101454
94	WGN55	0.8424657535	0.105664938331578	962	0.635105389915305	1.0498261170847
95	WGN55	1.236198525	0.105664938331578	962	1.0288381614153	1.44355888858469
96	WGN55	0.9372740965	0.105664938331578	962	0.729913732915305	1.14463446008469
97	WGN55	0.827459886739875	0.149471577380525	962	0.534131928378299	1.12078784510145
98	WGN55	0.7574041815	0.105664938331578	962	0.550043817915304	0.964764545084695
99	WGN55	1.10472709673988	0.149471577380525	962	0.811399138378299	1.39805505510145
100	WGN55	0.8967391305	0.105664938331578	962	0.689378766915304	1.1040994940847
101	WGN55	1.3032207385	0.105664938331578	962	1.0958603749153	1.5105811020847
102	WGN55	0.987951806999999	0.105664938331578	962	0.780591443415305	1.19531217058469
103	WGN55	0.88875	0.105664938331578	962	0.681389636415305	1.09611036358469
104	WGN55	0.967105263	0.105664938331578	962	0.759744899415304	1.17446562658469
105	WGN55	1.030734633	0.105664938331578	962	0.823374269415306	1.2380949965847
106	WGN55	0.793937537999999	0.105664938331578	962	0.586577174415304	1.00129790158469
107	WGN55	0.693181817999999	0.105664938331578	962	0.485821454415304	0.900542181584695
108	WGN55	0.866991237	0.105664938331578	962	0.659630873415304	1.07435160058469
109	WGN55	0.820837390499999	0.105664938331578	962	0.613477026915305	1.02819775408469
110	WGN55	0.903936544999999	0.105664938331578	962	0.696576181415304	1.11129690858469
111	WGN55	1.2464788735	0.105664938331578	962	1.0391185099153	1.45383923708469
112	WGN55	1.199865862	0.105664938331578	962	0.992505498415304	1.40722622558469
113	WGN55	0.8082150405	0.105664938331578	962	0.600854676915305	1.01557540408469
114	WGN55	0.666951469499999	0.105664938331578	962	0.459591105915303	0.874311833084694
115	WGN55	0.9904891305	0.105664938331578	962	0.783128766915305	1.19784949408469
116	WGN55	1.440377274	0.105664938331578	962	1.2330169104153	1.64773763758469
117	WGN55	1.336065574	0.105664938331578	962	1.12870521041531	1.5434259375847
118	WGN55	0.666666666499999	0.105664938331578	962	0.459306302915304	0.874027030084694
119	WGN55	1.207792208	0.105664938331578	962	1.0004318444153	1.41515257158469
120	WGN55	1.18737549773987	0.149471577380525	962	0.894047539378297	1.48070345610145
121	WGN55	0.899247643739875	0.149471577380525	962	0.605919685378299	1.19257560210145
122	WGN55	0.9448051945	0.105664938331578	962	0.737444830915305	1.1521655580847
123	WGN55	0.642570664499999	0.105664938331578	962	0.435210300915304	0.849931028084694
124	WGN55	1.022349936	0.105664938331578	962	0.814989572415304	1.22971029958469
125	WGN55	0.9092953525	0.105664938331578	962	0.701934988915305	1.11665571608469
126	WGN55	0.9151150055	0.105664938331578	962	0.707754641915305	1.1224753690847
128	WGN55	1.0171790235	0.105664938331578	962	0.809818659915305	1.2245393870847
129	WGN55	0.8528822055	0.105664938331578	962	0.645521841915305	1.0602425690847
130	WGN55	1.0539333805	0.105664938331578	962	0.846573016915305	1.2612937440847
1	WGN63	0.943232565999992	0.105664938331578	962	0.735872202415296	1.15059292958469
2	WGN63	1.0058139535	0.105664938331578	962	0.798453589915301	1.21317431708469
3	WGN63	0.729717340999993	0.105664938331578	962	0.522356977415298	0.937077704584688
4	WGN63	0.965670071739868	0.149471577380524	962	0.672342113378294	1.25899803010144
5	WGN63	1.13609022549999	0.105664938331578	962	0.928729861915299	1.34345058908469
6	WGN63	1.237348858	0.105664938331578	962	1.0299884944153	1.44470922158469
7	WGN63	0.871874999999996	0.105664938331577	962	0.664514636415302	1.07923536358469
8	WGN63	1.06501548	0.105664938331577	962	0.857655116415306	1.27237584358469
9	WGN63	0.888516089999998	0.105664938331578	962	0.681155726415303	1.09587645358469
10	WGN63	0.906136363499998	0.105664938331578	962	0.698775999915301	1.11349672708469
12	WGN63	0.894003055499999	0.105664938331578	962	0.686642691915302	1.10136341908469
13	WGN63	0.868131867999997	0.105664938331578	962	0.660771504415302	1.07549223158469
16	WGN63	0.693957115	0.105664938331578	962	0.486596751415304	0.901317478584695
17	WGN63	0.950377053500001	0.105664938331578	962	0.743016689915306	1.1577374170847
18	WGN63	0.863846153999999	0.105664938331577	962	0.656485790415304	1.07120651758469
19	WGN63	1.09316711099999	0.105664938331578	962	0.885806747415297	1.30052747458469
20	WGN63	1.0788747935	0.105664938331578	962	0.871514429915305	1.28623515708469
21	WGN63	1.183190883	0.105664938331578	962	0.975830519415301	1.39055124658469
22	WGN63	0.810851063999997	0.105664938331578	962	0.603490700415302	1.01821142758469
23	WGN63	1.0316455695	0.105664938331578	962	0.824285205915299	1.23900593308469
24	WGN63	0.923936169999997	0.105664938331579	962	0.7165758064153	1.13129653358469
25	WGN63	0.744587972260126	0.149471577380525	962	0.45126001389855	1.0379159306217
26	WGN63	0.892857142999997	0.105664938331579	962	0.6854967794153	1.10021750658469
27	WGN63	0.956503378499996	0.105664938331578	962	0.7491430149153	1.16386374208469
28	WGN63	1.08622290999999	0.105664938331578	962	0.878862546415299	1.29358327358469
29	WGN63	1.02310366	0.105664938331578	962	0.815743296415302	1.23046402358469
30	WGN63	0.885714285999998	0.105664938331578	962	0.678353922415302	1.09307464958469
31	WGN63	0.613575268999995	0.105664938331578	962	0.406214905415299	0.820935632584691
32	WGN63	0.816958122499997	0.105664938331578	962	0.609597758915302	1.02431848608469
33	WGN63	0.958078890999998	0.105664938331578	962	0.750718527415302	1.16543925458469
34	WGN63	0.878787878499998	0.105664938331578	962	0.671427514915302	1.08614824208469
35	WGN63	0.687375497739874	0.149471577380525	962	0.394047539378298	0.98070345610145
36	WGN63	1.078220011	0.105664938331579	962	0.870859647415301	1.28558037458469
37	WGN63	0.910086120739874	0.149471577380524	962	0.616758162378299	1.20341407910145
38	WGN63	1.03543751373987	0.149471577380526	962	0.742109555378294	1.32876547210145
39	WGN63	1.23452996973988	0.149471577380525	962	0.941202011378299	1.52785792810145
40	WGN63	0.921052631499998	0.105664938331578	962	0.713692267915302	1.12841299508469
41	WGN63	0.995644598999997	0.105664938331578	962	0.788284235415302	1.20300496258469
42	WGN63	0.846292947499995	0.105664938331578	962	0.6389325839153	1.05365331108469
44	WGN63	1.036861796	0.105664938331577	962	0.829501432415302	1.24422215958469
45	WGN63	1.15404216473987	0.149471577380525	962	0.860714206378296	1.44737012310145
46	WGN63	0.921413501999998	0.105664938331577	962	0.714053138415304	1.12877386558469
47	WGN63	0.678112449499998	0.105664938331578	962	0.470752085915303	0.885472813084694
48	WGN63	1.109388458	0.105664938331578	962	0.902028094415303	1.3167488215847
49	WGN63	0.859267241499996	0.105664938331578	962	0.6519068779153	1.06662760508469
50	WGN63	0.801100988739871	0.149471577380525	962	0.507773030378294	1.09442894710145
51	WGN63	0.913572214999995	0.105664938331578	962	0.706211851415298	1.12093257858469
52	WGN63	0.907689582000002	0.105664938331578	962	0.700329218415306	1.1150499455847
53	WGN63	0.963970587999997	0.105664938331578	962	0.756610224415302	1.17133095158469
54	WGN63	0.767608897499999	0.105664938331578	962	0.560248533915304	0.974969261084694
55	WGN63	0.894192106999997	0.105664938331578	962	0.686831743415302	1.10155247058469
56	WGN63	0.672763899999999	0.105664938331578	962	0.465403536415304	0.880124263584694
57	WGN63	1.007120253	0.105664938331578	962	0.799759889415301	1.21448061658469
58	WGN63	0.937039311999997	0.105664938331578	962	0.729678948415301	1.14439967558469
59	WGN63	1.08737549773987	0.149471577380525	962	0.794047539378294	1.38070345610145
60	WGN63	0.867085642739864	0.149471577380525	962	0.573757684378287	1.16041360110144
61	WGN63	0.805713459999997	0.105664938331578	962	0.598353096415302	1.01307382358469
62	WGN63	0.937722721999997	0.105664938331578	962	0.730362358415301	1.14508308558469
63	WGN63	0.755635254260123	0.149471577380525	962	0.462307295898547	1.0489632126217
64	WGN63	1.014925373	0.105664938331578	962	0.8075650094153	1.22228573658469
65	WGN63	1.2375	0.105664938331578	962	1.0301396364153	1.44486036358469
66	WGN63	1.0595076565	0.105664938331578	962	0.852147292915303	1.26686802008469
67	WGN63	0.768327878739869	0.149471577380525	962	0.474999920378294	1.06165583710145
68	WGN63	0.877840908999996	0.105664938331578	962	0.670480545415301	1.08520127258469
69	WGN63	0.864154524739874	0.149471577380524	962	0.570826566378299	1.15748248310145
70	WGN63	0.753947368499996	0.105664938331578	962	0.5465870049153	0.961307732084691
72	WGN63	0.887771738999997	0.105664938331578	962	0.680411375415302	1.09513210258469
73	WGN63	1.2243481915	0.105664938331578	962	1.0169878279153	1.43170855508469
74	WGN63	1.1393673895	0.105664938331578	962	0.932007025915302	1.34672775308469
75	WGN63	1.090800636	0.105664938331578	962	0.883440272415303	1.29816099958469
76	WGN63	0.890268767499998	0.105664938331578	962	0.682908403915302	1.09762913108469
77	WGN63	0.777472527499995	0.105664938331578	962	0.570112163915299	0.984832891084692
78	WGN63	0.614210984999995	0.105664938331578	962	0.406850621415299	0.821571348584691
79	WGN63	0.968377975999997	0.105664938331578	962	0.761017612415302	1.17573833958469
80	WGN63	0.851682592499999	0.105664938331578	962	0.644322228915304	1.05904295608469
81	WGN63	1.1466828975	0.105664938331578	962	0.939322533915301	1.35404326108469
82	WGN63	1.0588882775	0.105664938331578	962	0.851527913915302	1.26624864108469
83	WGN63	1.2363844395	0.105664938331578	962	1.0290240759153	1.4437448030847
84	WGN63	1.0140712945	0.105664938331578	962	0.806710930915302	1.22143165808469
85	WGN63	0.962250712499997	0.105664938331578	962	0.754890348915301	1.16961107608469
86	WGN63	1.14681324873987	0.149471577380525	962	0.853485290378293	1.44014120710145
87	WGN63	0.922348484499996	0.105664938331578	962	0.714988120915301	1.12970884808469
88	WGN63	1.0228405315	0.105664938331578	962	0.815480167915301	1.23020089508469
89	WGN63	0.898366606499997	0.105664938331578	962	0.691006242915301	1.10572697008469
90	WGN63	1.50576630273987	0.149471577380525	962	1.2124383443783	1.79909426110145
91	WGN63	0.693503538499996	0.105664938331578	962	0.4861431749153	0.900863902084692
92	WGN63	0.928359816999997	0.105664938331578	962	0.720999453415302	1.13572018058469
93	WGN63	0.941483516499997	0.105664938331578	962	0.734123152915302	1.14884388008469
94	WGN63	0.887987012999997	0.105664938331578	962	0.680626649415301	1.09534737658469
95	WGN63	0.929042164739873	0.149471577380525	962	0.635714206378296	1.22237012310145
96	WGN63	0.768731268499997	0.105664938331578	962	0.561370904915301	0.976091632084692
97	WGN63	0.859925788499997	0.105664938331578	962	0.652565424915302	1.06728615208469
98	WGN63	0.763349139260122	0.149471577380525	962	0.470021180898546	1.0566770976217
99	WGN63	0.531672121260121	0.149471577380525	962	0.238344162898545	0.825000079621698
100	WGN63	0.876654411999997	0.105664938331578	962	0.669294048415302	1.08401477558469
101	WGN63	0.661342450260121	0.149471577380525	962	0.368014491898545	0.954670408621698
102	WGN63	0.760844418499997	0.105664938331578	962	0.553484054915301	0.968204782084692
103	WGN63	0.830221518999997	0.105664938331578	962	0.622861155415302	1.03758188258469
105	WGN63	1.081955485	0.105664938331578	962	0.874595121415301	1.28931584858469
106	WGN63	0.695862068999997	0.105664938331578	962	0.488501705415302	0.903222432584692
107	WGN63	0.538931888499997	0.105664938331578	962	0.331571524915301	0.746292252084692
109	WGN63	1.1983766235	0.105664938331578	962	0.991016259915302	1.40573698708469
110	WGN63	0.811185021739873	0.149471577380525	962	0.517857063378297	1.10451298010145
111	WGN63	0.890930232499997	0.105664938331578	962	0.683569868915302	1.09829059608469
112	WGN63	1.3825949365	0.105664938331578	962	1.1752345729153	1.5899553000847
114	WGN63	1.1175	0.105664938331578	962	0.910139636415302	1.32486036358469
115	WGN63	1.375	0.105664938331578	962	1.1676396364153	1.58236036358469
116	WGN63	1.326923077	0.105664938331578	962	1.1195627134153	1.53428344058469
117	WGN63	0.539101123499997	0.105664938331578	962	0.331740759915301	0.746461487084692
118	WGN63	0.969034758260121	0.149471577380525	962	0.675706799898544	1.2623627166217
119	WGN63	1.01	0.105664938331578	962	0.802639636415302	1.21736036358469
121	WGN63	0.733494363999997	0.105664938331578	962	0.526134000415301	0.940854727584692
122	WGN63	0.776995305499997	0.105664938331578	962	0.569634941915302	0.984355669084693
123	WGN63	1.0701492535	0.105664938331578	962	0.862788889915302	1.27750961708469
124	WGN63	0.877119087739872	0.149471577380525	962	0.583791129378296	1.17044704610145
125	WGN63	1.06942677973987	0.149471577380525	962	0.776098821378296	1.36275473810145
126	WGN63	0.932842480999997	0.105664938331578	962	0.725482117415301	1.14020284458469
127	WGN63	0.772223982739872	0.149471577380525	962	0.478896024378296	1.06555194110145
128	WGN63	0.895833333499997	0.105664938331578	962	0.688472969915301	1.10319369708469
129	WGN63	0.826692724499997	0.105664938331578	962	0.619332360915301	1.03405308808469
130	WGN63	1.2533989685	0.105664938331578	962	1.0460386049153	1.46075933208469
